   0.298311 9.26199e-06 3.66383e-06 0.200426        0        0 0.67187       0       0
    0.298305  2.80104e-06 -2.68307e-06 0.200424        0        0 0.671876        0       -0
    0.298307  2.01714e-06 -1.11658e-06 0.200424        0        0 0.671873        0       -0
   0.298306 3.37577e-07 -2.1849e-07 0.200424        0        0 0.671873        0        0
    0.298785 -1.04183e-07  1.49546e-06 0.200742        0        0 0.671861        0        0
    0.297813 -9.94576e-07 -2.59998e-06 0.2001      0      0 0.671897        0       -0
     0.29781 -1.07262e-06 -6.16656e-07 0.20009       0       0 0.671871       -0        0
   0.297814 3.31419e-06 2.37625e-06 0.20009       0       0 0.671863        0        0
    0.297811 -3.82753e-06  6.64955e-06 0.2001      0      0 0.671903       -0        0
   0.297811 3.80231e-06 2.30762e-06 0.20009       0       0 0.67187       0       0
   0.298603  3.9514e-06 1.67538e-06 0.20062       0       0 0.671862        0        0
    0.297703  6.59349e-06 -2.11724e-06 0.20002       0       0 0.671878        0       -0
   0.297705 3.05872e-06 8.56384e-07 0.20003       0       0 0.671907        0        0
   0.297705 9.85567e-06 2.08645e-07 0.20002       0       0 0.671873        0        0
    0.297704  5.00891e-06 -1.44624e-06 0.20002       0       0 0.671875        0       -0
   0.297704 8.45508e-06 1.04604e-06 0.20002       0       0 0.671875        0        0
   0.291744   0.0782662 3.48697e-06   0.19955 0.0151316  0.188353 0.683989 0.193335  54016.3
    0.228134     0.129585 -5.50287e-06 0.16464 0.04876 0.20007 0.721681 0.376278 -36357.4
    0.197824     0.172341 -2.65096e-06   0.15166 0.0805064  0.200067 0.766643 0.467134 -75469.6
    0.159631     0.208216 -1.86331e-06  0.13264 0.109041 0.200069 0.830917 0.523691  -107373
   0.115063     0.23579 7.03949e-06  0.10832 0.133225 0.200069   0.9414 0.565015  28420.9
  0.0659084    0.253953 7.30616e-06 0.0796802  0.152095  0.200072  1.20895 0.598911    27384
  0.0141249    0.261988 6.83381e-06 0.0478597  0.164895   0.20007 3.38833  0.6294 29276.5
  0.0180006    0.298819 7.61664e-06 0.0251102  0.198807 0.0657901 1.39497 0.66531 8637.68
  0.0345507    0.296126 1.74246e-06 0.0232301  0.198949         0 0.672348  0.67184        0
  0.0345554    0.296113 1.04031e-05 0.0232301   0.19895         0 0.672255 0.671872        0
  0.0345545    0.296113 7.89575e-06 0.0232196   0.19894         0  0.67197 0.671838        0
  0.0345478    0.296113 5.37245e-06 0.0232301   0.19894         0 0.672404 0.671839        0
  0.0345516    0.296114 5.87281e-06 0.0232201   0.19895         0  0.67204 0.671868        0
  0.0345507    0.296114 4.17063e-06 0.0232301   0.19894         0 0.672348 0.671835        0
  0.0345497    0.295818 6.25588e-06 0.0232201   0.19875         0 0.672077 0.671866        0
  0.0346627    0.296737 8.76969e-06 0.0233097   0.19937         0 0.672472 0.671874        0
  0.0346656    0.296737 3.86444e-06 0.0233002   0.19936         0 0.672141 0.671841        0
  0.0346613    0.296738 4.43908e-06 0.0233002   0.19937         0 0.672225 0.671872        0
  0.0346599    0.296741 8.15198e-08 0.0232997   0.19936         0 0.672239  0.67183        0
  0.0346651    0.296738 7.19816e-06 0.0233002   0.19937         0 0.672151 0.671871        0
  0.0346584    0.296741 4.02793e-06 0.0233002   0.19936         0  0.67228 0.671833        0
  0.0346627    0.296741 1.70354e-06 0.0233097   0.19937         0 0.672472 0.671866        0
0.0346608   0.29674 3.365e-06 0.0233002   0.19936         0 0.672234 0.671835        0
  0.0346618    0.296694 5.15278e-06 0.0233002   0.19934         0 0.672215 0.671871        0
  0.0343909    0.295791 3.88575e-06 0.0231199   0.19873         0 0.672268 0.671859        0
  0.0344839     0.29591 5.34821e-06 0.02318 0.19881       0 0.672198  0.67186        0
  0.0346456    0.297155 1.74592e-06 0.0232897   0.19964         0 0.672227 0.671837        0
  0.0346446    0.297154 8.56325e-06 0.0232902   0.19964         0 0.672259  0.67184        0
  0.0346351    0.297153 1.09962e-05 0.0232902   0.19965         0 0.672444 0.671875        0
  0.0346389    0.297158 1.84703e-06 0.0232897   0.19964         0 0.672357 0.671832        0
  0.0346313    0.297156 5.65925e-06 0.0232902   0.19964         0 0.672518 0.671834        0
  0.0346437    0.297156 2.91648e-06 0.0232902   0.19965         0 0.672278 0.671868        0
   0.0346355     0.297161 -6.56777e-06 0.0232897   0.19964         0 0.672421 0.671825       -0
  0.0346327    0.297162 3.65569e-06 0.0232902   0.19965         0 0.672491 0.671855        0
 0.0564156   0.292335 2.1665e-06    0.02349    0.19862 -0.0730001 0.416374 0.679428 -33694.9
      0.0674    0.0180798 -2.59696e-06 0.00699997    0.02353   -0.20006 0.103857  1.30146  77036.1
   0.0696507   0.00432491 -4.38196e-06 0.0115399 0.0216799 -0.200053 0.165683  5.01279  45653.8
 0.0691276 -0.0096035 1.5866e-05 0.0156102   0.01894 -0.200062 0.225818 -1.97219 -12609.5
   0.0658374   -0.0231428 -2.91473e-06 0.0190701   0.01547 -0.200049  0.289655 -0.668459   68633.7
  0.0599232   -0.035759 3.78277e-07   0.02175 0.0113697 -0.200054  0.362964 -0.317954         0
    0.295171    0.0573778 -2.40724e-05   0.19206 0.0568104 -0.096871 0.650673 0.990111  4024.15
     0.28615     0.083787 -9.56944e-06   0.19233 0.0562696         0 0.672131  0.67158       -0
    0.28615    0.083766 3.09054e-06   0.19233 0.0562601         0 0.672128 0.671634        0
   0.286151   0.0837517 6.76393e-06   0.19234 0.0562601         0 0.672162 0.671749        0
    0.28615    0.083745 9.07085e-06   0.19233 0.0562601         0 0.672131 0.671803        0
     0.28599    0.0836582 -3.60927e-06   0.19222 0.0562201         0 0.672121 0.672021       -0
      0.2858    0.0833883 -1.72523e-06   0.19208 0.0560498         0 0.672078 0.672154       -0
   0.285781   0.0834284 1.39435e-05   0.19209 0.0560498         0 0.672158 0.671832        0
    0.28578   0.0834322 1.08225e-05   0.19208 0.0560503         0 0.672126 0.671807        0
    0.285789    0.0834265 -1.57363e-06   0.19209 0.0560498         0  0.67214 0.671847       -0
    0.285781    0.0834274 -9.91349e-07   0.19208 0.0560498         0 0.672123 0.671839        0
    0.285785    0.0834169 -2.11407e-06   0.19209 0.0560503         0 0.672149 0.671929       -0
   0.285774   0.0834293 1.42434e-07   0.19208 0.0560498         0 0.672139 0.671824        0
   0.285819   0.0834026 2.33867e-05   0.19209 0.0560503         0 0.672069 0.672045        0
   0.301915  0.00163651 1.67591e-06   0.19557   0.04037 -0.200169 0.647765  24.6684  -119438
   0.239242  -0.0632048 4.80495e-05     0.16142 -0.00254011   -0.200168  0.674715 0.0401886  -4165.88
   0.221919   -0.109499 7.29182e-05    0.15772 -0.0345902  -0.200168 0.710708 0.315896  -2745.1
   0.195692    -0.15138 3.92157e-06    0.14768 -0.0652599  -0.200168 0.754656 0.431101 -51042.9
    0.161658    -0.187324 -3.25648e-05    0.13176 -0.0933199  -0.200168  0.81505 0.498175  6146.77
  0.0592175   -0.141337 -1.1914e-05  0.0689306 -0.0676599  -0.200001  1.16403 0.478712    16787
-0.0505829 -0.0312719 1.1136e-05         0         0 -0.200089       -0       -0 -17967.7
 -0.0557833   -0.020606 1.77714e-06        0        0 -0.20009      -0      -0 -112591
 -0.0587664 -0.00912762 1.73122e-05        0        0 -0.20008       -0       -0 -11557.2
 -0.0594034  0.00273609 2.16143e-05        0        0 -0.20009       -0        0 -9257.28
 -0.0576687    0.014473 1.54734e-05        0        0 -0.20009       -0        0 -12931.2
 -0.0536289   0.0256319 1.63482e-05        0        0 -0.20008       -0        0 -12238.6
  -0.047451   0.0357628 2.41427e-05        0        0 -0.20009      -0       0 -8287.8
 -0.0393744    0.044467 1.77673e-05        0        0 -0.20009       -0        0 -11261.7
   -0.267091    -0.135272 -7.04949e-05   -0.17109   -0.10414 -0.0779102 0.640569 0.769858  1105.19
  -0.254224   -0.154568 9.31547e-06 -0.17109 -0.10415        0  0.67299 0.673814        0
  -0.254412    -0.15458 5.11608e-05 -0.17122 -0.10414        0 0.673003 0.673698        0
 -0.254453  -0.154566 4.3831e-05 -0.17124 -0.10414        0 0.672973 0.673757        0
  -0.254066   -0.154294 5.06393e-05 -0.17097 -0.10398        0 0.672936 0.673909        0
   -0.25432   -0.154549 2.38956e-05 -0.17114 -0.10413        0  0.67293 0.673767        0
  -0.254315   -0.154557 4.32291e-05 -0.17114 -0.10412        0 0.672945 0.673668        0
   -0.25433   -0.154563 2.96355e-05 -0.17114 -0.10413        0 0.672905 0.673705        0
  -0.254307   -0.154597 5.15445e-05 -0.17115 -0.10413        0 0.673007 0.673558        0
  -0.254292   -0.154617 5.02185e-05 -0.17114 -0.10412        0 0.673003 0.673403        0
 -0.253897  -0.154387 5.7756e-05 -0.17088 -0.10397        0 0.673031 0.673436        0
  -0.254621   -0.154838 5.21591e-05 -0.17136 -0.10427        0 0.673002 0.673415        0
   -0.25462   -0.154843 6.06583e-05 -0.17137 -0.10427        0 0.673043  0.67339        0
  -0.254621   -0.154834 6.80792e-05 -0.17137 -0.10427        0 0.673041 0.673432        0
  -0.254622   -0.154836 5.97592e-05 -0.17136 -0.10428        0 0.672996 0.673488        0
  -0.254618   -0.154838 5.97938e-05 -0.17137 -0.10427        0 0.673048 0.673415        0
  -0.254624   -0.154835 6.09625e-05 -0.17137 -0.10427        0 0.673032 0.673425        0
  -0.254624   -0.154833 5.42294e-05 -0.17136 -0.10427        0  0.67299 0.673436        0
  -0.254627   -0.154836 6.01972e-05 -0.17137 -0.10427        0 0.673024 0.673423        0
  -0.254621   -0.154828 7.01451e-05 -0.17137 -0.10427        0  0.67304 0.673459        0
   -0.25462   -0.154818 7.75384e-05 -0.17136 -0.10427        0 0.673004   0.6735        0
  -0.254626   -0.154819 5.11628e-05 -0.17137 -0.10428        0 0.673027 0.673561        0
  -0.254631   -0.154819 4.67382e-05 -0.17137 -0.10427        0 0.673014 0.673494        0
  -0.254624   -0.154832 3.81517e-05 -0.17136 -0.10427        0 0.672991  0.67344        0
 -0.255003  -0.153619 5.2439e-05    -0.17131    -0.10397 -0.00292993 0.671796 0.676805  -55.873
 -0.255665  -0.152241 4.5231e-05    -0.17163    -0.10325 -0.00410008 0.671308 0.678202 -90.6477
   -0.26155   -0.141621 5.80251e-05 -0.17219 -0.10207 -0.03846 0.658344 0.720731 -662.817
  -0.243526   -0.038693 3.40048e-05   -0.14831 -0.0629196   -0.20019 0.609011  1.62613  -5887.1
  -0.246364   0.0105114 3.61502e-05   -0.15786 -0.0321703    -0.2002  0.64076 -3.06052    -5538
  -0.239369   0.0593204 3.54843e-05     -0.16111 -0.000139713      6.08299    0.673061 -0.00235523      171428
  -0.292061   0.0611634 5.03294e-05 -0.19805  0.02981 -0.05667  0.67811 0.487382 -1125.98
  -0.293872   0.0463476 5.21924e-05  -0.19781 0.0310698         0 0.673116 0.670364        0
  -0.293623   0.0463462 5.92652e-05  -0.19765 0.0310802         0 0.673141 0.670611        0
  -0.294054   0.0464249 6.02906e-05  -0.19794 0.0311298         0 0.673141 0.670542        0
  -0.294055   0.0464277 6.05562e-05  -0.19793 0.0311198         0 0.673105 0.670285        0
  -0.294054    0.046423 6.11451e-05  -0.19794 0.0311303         0 0.673143  0.67058        0
