6 4.06922 -4.34469 1.11845 -0.668052 -0.119791 0.76015 0.658402 -0.339326 -0.542064 0.786745 -0.29928 0.37334 0.912936
14 2.26683 -1.41175 1.11565 -0.80072 0.0616159 0.514588 -0.39141 0.984457 0.153942 0.755228 0.495619 0.25782 -0.929158
15 7.27835 9.91905 2.53235 0.746543 0.662075 0.958868 0.487622 0.806733 0.967191 0.333761 -0.00548297 -0.672064 0.660024
17 4.40114 0.318098 2.80688 -0.439916 0.0922137 0.438537 -0.773439 -0.0570331 0.18508 0.888636 -0.0981649 -0.327298 0.695369
35 6.96994 -7.13157 0.891061 0.104633 0.839182 0.371973 0.619571 0.395696 -0.376099 0.291778 -0.98799 0.0659196 0.687819
36 3.42807 4.24744 0.11024 -0.198582 -0.275691 0.437734 0.603793 0.355625 -0.694248 -0.934215 -0.872879 0.371444 -0.624767
38 4.46592 -5.5598 2.29222 -0.62747 -0.685722 0.00692201 0.657915 0.351308 0.80834 -0.617777 -0.210957 0.412133 0.737848
42 5.88228 0.540227 1.97997 0.0300982 -0.774704 -0.02038 0.0206981 -0.903001 0.628703 -0.230683 0.275313 -0.0957552 -0.712036
44 4.09258 2.89577 1.6515 -0.560424 0.260486 0.847025 0.475877 -0.0742955 -0.122876 0.701173 0.905324 0.897822 0.798172
45 4.71826 5.94691 1.02627 -0.561728 -0.0448976 0.899641 -0.0676628 0.768636 0.934554 -0.632469 -0.083922 0.560448 0.532895
53 7.4192 -6.01605 1.84214 0.778687 0.293424 -0.317035 -0.899664 0.533402 0.60666 0.397426 0.363843 0.808374 -0.374121
54 6.73108 -8.17924 1.40402 -0.621873 0.182221 -0.893121 -0.797092 -0.68545 -0.511703 -0.727659 0.178237 -0.883895 0.779106
56 4.22285 -1.68676 1.37522 0.26717 0.0763506 -0.966699 0.863036 -0.304908 -0.588572 0.0452573 -0.198029 -0.385663 0.359807
57 6.95119 -4.64598 0.83403 0.406373 -0.334216 -0.570952 0.518417 -0.483777 0.367148 -0.967645 0.690246 0.704822 0.201525
59 7.56037 8.25997 2.93499 -0.912169 -0.952274 -0.989848 -0.0254917 -0.414229 0.416525 0.640292 0.0148191 -0.0650582 -0.843484
61 4.91178 0.859608 1.11694 0.157225 0.472924 0.487454 0.845144 -0.807192 0.575285 0.89287 -0.797039 -0.450207 -0.521358
64 6.90694 -9.40574 0.992463 0.886444 0.536411 -0.755827 -0.92347 0.0298719 -0.2014 -0.576869 -0.0947003 -0.679676 -0.383506
69 6.50664 -4.45096 2.21531 -0.374021 -0.788847 0.776866 -0.795533 -0.0404457 -0.459359 -0.600552 -0.424527 0.315286 0.894002
84 5.12092 6.66685 0.212003 -0.429702 0.105475 0.35051 0.915419 0.248119 0.275612 -0.134254 -0.982863 0.992083 -0.272545
89 5.60983 8.00123 0.159739 0.576463 -0.646687 -0.349646 -0.331968 0.275812 -0.635994 -0.512945 -0.950849 -0.723773 -0.164673
106 2.78825 1.33607 1.93583 -0.209368 0.978966 0.0665052 -0.121585 0.435557 0.159531 -0.183166 -0.9717 0.497884 -0.109531
110 3.58456 3.07826 0.886542 0.852588 0.948997 -0.608924 -0.319949 0.0753195 -0.711507 -0.573756 0.585132 0.723517 0.226092
113 7.43004 1.81723 2.36636 -0.0290799 -0.567086 0.587757 -0.891572 0.525357 -0.347806 -0.904516 0.643684 -0.287676 -0.0396132
115 3.64115 -3.67253 0.776068 -0.713552 -0.760832 0.452289 0.493271 -0.0586519 -0.576791 0.926184 -0.470895 -0.468363 0.451542
119 7.63462 3.25504 1.99423 -0.39555 -0.433723 0.819057 -0.364152 0.784636 0.457805 0.913222 -0.491135 -0.781326 0.395482
120 7.12413 10.3027 2.3959 -0.976509 0.160097 0.687787 -0.546377 0.630587 0.577181 -0.664703 0.282376 -0.906305 0.312197
130 2.93936 2.61615 1.21856 0.785443 0.260849 0.01511 0.994105 0.497101 -0.288984 0.96396 -0.910018 -0.472767 -0.530971
132 6.70758 6.29315 2.29652 0.231871 -0.929972 -0.924136 -0.07587 -0.734885 0.861307 -0.815021 0.280225 0.855412 0.68208
134 3.32458 3.19774 2.68657 -0.320536 0.102604 0.432494 0.855246 0.693223 -0.335636 0.925274 0.769087 0.588494 -0.809611
140 7.22763 -8.21129 2.91217 -0.484123 -0.101959 0.631811 0.100988 0.821452 -0.758332 0.377152 -0.607818 -0.358456 0.887305
148 6.36827 9.40573 0.093575 -0.109843 -0.26309 -0.199704 0.541194 -0.0732437 -0.203421 -0.98106 0.243388 0.928497 -0.641563
152 4.36965 4.98774 2.3261 0.0574107 0.463877 -0.622497 -0.587906 0.931765 -0.52355 -0.0997668 0.629589 0.790249 0.290906
157 2.14086 1.67466 0.995956 0.00991201 0.131362 0.639576 0.485604 -0.73967 -0.962024 0.252202 0.606869 -0.722665 0.500674
158 7.13778 8.0489 2.50094 0.488299 0.432182 0.321931 -0.322143 -0.115444 -0.402603 -0.770812 0.189775 0.966994 -0.605677
159 1.64291 0.775796 1.38352 0.214773 -0.987756 -0.900134 -0.153244 0.0436689 0.109778 0.978118 -0.316755 -0.404618 -0.761552
161 3.75601 1.90618 1.22942 0.453149 0.935137 -0.00940692 -0.434331 -0.399451 -0.794634 -0.422087 -0.299585 0.0521224 0.621582
165 7.34419 5.05745 0.103251 0.475223 -0.779634 0.428466 0.599356 -0.722633 0.633335 -0.626099 0.820523 0.379017 -0.0113657
169 4.38931 0.658312 0.911289 -0.580536 0.47454 0.725557 -0.258271 -0.0866607 0.488779 0.339743 0.469085 -0.695875 -0.527021
170 4.7944 -3.13086 0.10406 0.130379 -0.347084 0.229718 0.134605 0.786518 -0.196228 -0.872535 0.736948 0.437662 0.714286
179 4.79726 0.591205 2.38583 0.00629616 -0.839189 0.0844932 0.801791 0.703573 0.366906 -0.338707 -0.797893 -0.21148 0.787819
198 6.67797 -2.68883 1.11436 0.901787 0.580917 -0.33954 -0.568724 0.985537 -0.796094 0.896412 -0.939148 -0.705186 0.321051
202 5.137 0.470713 0.255006 -0.551324 -0.194272 0.248272 0.341975 0.134538 0.796943 0.609249 -0.20802 0.135297 -0.158426
259 5.81399 -3.25797 2.00709 0.193008 0.666363 0.0927851 0.475111 -0.423348 0.0427716 -0.72605 0.435016 -0.882414 -0.588014
261 6.5766 -0.938384 1.66795 0.866622 0.43434 0.98625 -0.314005 -0.191358 0.179258 -0.647641 0.901427 -0.345632 -0.0709891
280 3.58174 -1.48673 2.51547 -0.241978 0.143178 0.553871 -0.138676 -0.320796 -0.377717 0.822066 0.838351 -0.0976505 0.778525
286 2.0089 -1.19744 0.840525 -0.760072 -0.486215 -0.436706 -0.224026 0.050745 0.34627 0.881768 -0.887554 -0.954168 0.720592
290 6.59322 10.3385 2.72298 -0.672914 0.829044 -0.769119 -0.49239 -0.674706 0.514999 -0.895023 -0.781311 0.580249 -0.971832
296 4.66012 -0.725123 2.96291 -0.00636399 -0.584575 -0.36393 0.304101 -0.193619 0.603205 -0.665466 0.968772 0.0340513 -0.348282
301 5.11042 4.48586 0.785743 0.120047 -0.502016 -0.993436 0.433097 -0.95481 -0.670471 -0.602135 0.494314 -0.733372 0.0666969
310 7.12269 -2.17161 2.07258 0.589489 0.178854 -0.651341 -0.814686 0.653497 -0.212735 -0.855611 -0.342811 0.796955 -0.619376
313 4.76324 -1.04751 1.95056 0.116608 0.331907 0.15694 0.105878 0.469364 0.693325 -0.42406 -0.605678 -0.0889612 0.407338
315 6.68448 3.00955 0.866562 -0.843146 -0.360448 -0.944335 0.108137 -0.365138 0.172273 -0.559957 0.791802 -0.721849 0.909408
316 5.55133 -5.0637 0.868042 -0.603834 -0.738571 -0.941274 -0.496732 -0.467398 -0.0419701 -0.382965 -0.167471 -0.291014 -0.686677
319 6.54698 6.0712 0.441022 -0.964424 0.242944 0.598827 -0.235542 -0.715353 0.159202 0.696964 -0.32369 -0.978992 0.365484
325 5.75429 2.09125 1.6186 -0.204606 -0.293611 -0.620574 0.119343 0.210311 -0.342854 -0.26259 -0.476689 -0.585566 -0.981845
327 3.11603 1.70236 2.76544 -0.335786 -0.976615 -0.252671 0.866443 0.314528 0.542723 -0.427168 0.693954 -0.337934 0.783143
343 5.94993 -9.592 1.48874 -0.0194843 -0.958109 -0.362872 -0.836531 -0.210987 -0.0851599 0.281379 -0.904037 0.576295 -0.434178
353 7.11991 3.69361 2.55931 -0.53821 -0.241297 0.966817 -0.299916 -0.308494 0.319435 -0.0608006 -0.557971 -0.426072 0.118989
367 3.66578 -1.74252 0.427485 -0.685628 -0.898822 0.895947 -0.43948 -0.480146 0.686717 -0.338598 -0.0455099 -0.557105 -0.786587
374 7.38606 11.6424 0.401064 0.580589 -0.359979 0.288874 -0.648393 0.429126 -0.914091 -0.760813 -0.59036 -0.447415 -0.802178
396 6.59649 -9.07911 2.25492 0.246289 -0.734244 0.857687 0.711649 -0.396586 -0.335372 -0.788246 -0.406796 0.361242 0.623127
398 6.58621 -7.48901 2.57178 -0.831256 0.884638 -0.658704 0.416883 -0.97504 0.587585 0.682639 0.882647 0.299235 -0.713947
411 4.83625 -0.117527 0.770087 0.464326 0.927597 0.861715 0.970264 0.403908 -0.56554 0.858937 -0.298863 -0.827988 -0.041285
444 6.69406 9.2199 2.74896 0.584338 -0.92837 0.463901 -0.637274 0.00922883 -0.72887 0.968973 0.315595 -0.107216 0.540424
446 6.07829 -8.17528 1.95012 0.525824 -0.750104 0.58581 0.915839 -0.992607 0.170148 0.987469 0.471293 0.532874 -0.00330192
448 4.79446 -3.40785 2.96749 0.851063 -0.435679 -0.809644 -0.65209 -0.29962 0.71618 -0.402194 -0.71381 0.632019 -0.394802
449 6.03673 -8.11907 2.24451 -0.0107875 -0.383813 0.818915 -0.508941 -0.0715201 -0.545878 0.53333 -0.0153535 -0.329715 -0.215624
452 3.94199 -1.32723 2.18289 -0.914817 0.23517 -0.214989 0.696266 0.567056 -0.777128 -0.0773502 0.23045 -0.347165 -0.109672
463 7.64045 -10.166 0.584478 0.555612 -0.0635031 -0.323061 0.546593 -0.80524 0.271691 0.951359 -0.810283 -0.756589 0.0700127
468 7.17115 10.6164 2.38654 0.493325 -0.286603 -0.492875 0.52588 0.16197 0.503695 -0.371551 -0.269725 -0.823443 -0.330788
469 3.16867 -0.159929 2.68401 -0.0936731 -0.83534 0.944794 0.955683 -0.127341 -0.466801 -0.79611 0.778958 0.193467 -0.89758
481 4.69925 -3.66299 1.43623 -0.883443 -0.844865 0.374837 -0.562485 -0.300504 0.0849587 -0.188523 -0.837117 -0.426183 0.211366
482 7.30299 -10.7359 2.09594 0.507578 0.399546 0.24959 0.179945 -0.361838 -0.523488 0.236396 -0.244324 0.268875 -0.346252
487 4.07304 -0.331926 2.12232 -0.831057 0.991676 -0.717482 -0.914122 0.0256946 0.635679 -0.34344 -0.901112 0.335089 -0.1979
516 5.96423 5.14807 0.0137855 0.163052 -0.589119 -0.796219 -0.826087 -0.149007 0.619725 -0.619639 -0.0248603 -0.834804 -0.548754
519 7.23495 -0.489515 0.280587 0.384653 0.440501 0.56344 0.156334 0.709064 -0.828902 -0.884813 0.884342 -0.333832 0.469616
532 5.22137 6.17113 2.07859 -0.849612 0.374344 0.802779 0.84319 0.718721 0.747208 0.211618 -0.477605 0.935741 -0.463259
540 6.19521 -3.42503 2.00201 0.957021 0.561908 0.706874 -0.506401 -0.320754 0.965153 0.376592 0.89748 -0.924852 0.347951
571 4.04804 -5.86662 0.572384 0.801076 0.787821 0.290315 0.63747 0.280045 -0.695697 0.927979 -0.375611 0.535947 -0.284564
573 3.66126 3.03808 0.538839 0.893951 -0.240427 0.252159 -0.459052 -0.280533 0.0532347 -0.67123 -0.990219 -0.309295 0.608814
581 3.2651 3.45466 0.504891 -0.682051 -0.490977 -0.294158 0.970024 -0.958249 -0.130992 -0.135839 -0.769444 0.882317 -0.136955
588 4.56548 -4.64417 0.878616 -0.248526 0.0802202 -0.411392 -0.617169 0.572425 0.607324 -0.572037 0.31277 -0.173838 0.117428
603 3.42973 0.720805 1.56987 0.99532 0.590263 0.711488 0.269044 -0.808145 0.399902 -0.867165 0.794583 -0.559657 0.663432
629 7.06618 -10.5175 0.0782875 -0.427359 0.775921 0.652124 -0.909509 0.958261 -0.279309 0.999391 -0.668829 0.181551 -0.796148
639 6.73001 -1.3996 1.11229 -0.779996 0.813062 -0.357626 -0.359384 0.784124 0.647352 -0.0206546 -0.820658 0.0840378 -0.670606
646 6.8969 -3.18155 1.27871 -0.336279 0.631708 0.785692 0.782272 0.374045 -0.721866 -0.334157 0.814903 0.278231 0.493775
655 5.9823 -2.90879 0.827742 -0.1118 0.694693 0.456766 -0.5967 -0.577949 -0.451614 -0.955974 -0.687135 -0.853858 0.842232
658 6.98923 7.08079 2.03692 0.372091 0.0743567 -0.0935449 -0.313566 0.182262 0.992905 0.618629 0.611527 -0.794545 0.53586
664 6.49369 -7.55012 0.438926 -0.460469 -0.897424 0.301542 0.897874 -0.258667 -0.357734 -0.390877 0.389051 -0.177514 0.350839
667 6.62939 -9.67059 0.813161 -0.940505 -0.600729 -0.238767 -0.580786 0.748244 -0.73098 -0.496437 0.723859 0.554307 0.406393
673 7.08251 -1.05869 0.477877 -0.470702 0.677374 -0.0404829 -0.263984 0.563969 0.0136186 0.394646 -0.505373 -0.414367 0.0999312
681 3.20421 -0.7705 1.22052 -0.274985 0.572889 0.186375 0.444509 -0.758508 0.172914 -0.800205 0.427282 -0.126281 -0.855589
697 6.81814 -9.41982 1.9319 0.171102 -0.768509 -0.490057 0.945664 0.498485 -0.759256 -0.273491 -0.145119 -0.192172 -0.816709
709 6.40874 3.69699 0.970933 0.937153 -0.879094 -0.981195 -0.979103 0.494458 0.812171 0.773809 0.502087 0.177656 -0.485632
717 4.37687 -1.97977 2.66842 0.973209 0.656893 -0.909723 -0.257887 -0.357633 -0.704345 -0.648674 0.72541 -0.382137 0.659432
731 4.00678 -4.72522 0.946067 -0.315732 0.371601 0.340217 -0.853689 -0.642385 0.94112 0.753138 0.795748 0.562694 -0.821316
743 6.75867 1.99383 2.95397 0.153459 -0.567799 0.871945 0.288267 0.695705 -0.269794 -0.458443 -0.0827979 -0.246913 -0.438148
771 7.20163 4.49579 0.256697 0.212909 -0.414764 0.782519 0.959326 -0.637233 0.865461 0.673005 -0.238837 -0.42424 -0.635409
777 4.41656 0.360117 0.754511 -0.618019 0.647359 -0.295216 -0.46367 0.597632 -0.260034 -0.304197 0.560956 -0.0307597 0.0843846
791 6.26048 9.75205 1.36503 0.699802 -0.618759 -0.797212 -0.591083 0.974358 -0.469598 0.424114 0.590978 0.506498 -0.446266
804 3.1385 3.90043 0.212489 -0.795487 -0.720086 -0.686969 -0.575654 0.538002 0.703765 -0.111635 0.464928 -0.56808 0.136501
815 5.19949 -2.46197 1.20924 0.101442 -0.220784 0.970955 -0.306813 0.708938 0.611461 -0.380323 -0.615484 0.794105 0.882025
821 6.25148 -4.15573 2.7426 0.397959 0.311063 -0.637894 -0.933105 0.925535 -0.174256 0.488085 -0.817715 -0.415788 0.428571
837 6.26458 2.94937 1.94844 -0.096301 -0.22972 -0.509116 -0.342164 -0.79133 0.175313 -0.456338 -0.375722 -0.831941 -0.453364
846 5.14666 -6.17888 1.33727 0.462907 0.292218 0.401816 -0.864825 -0.924028 -0.0529982 -0.704459 -0.271302 -0.372097 0.223167
867 4.9695 4.48028 2.60619 0.998324 0.105745 0.0862737 0.594672 -0.449394 -0.0394911 -0.7548 -0.387831 0.649842 -0.0564423
868 4.56912 4.12668 1.47027 0.664433 -0.385111 -0.8638 -0.0188704 -0.655458 -0.400961 0.876895 -0.888216 -0.0105632 0.538519
878 4.39239 -6.63736 0.365312 -0.965168 0.0160025 -0.959596 0.0446268 -0.0244993 0.471784 0.384076 -0.125848 -0.745689 -0.576388
882 2.29524 1.00895 1.42526 -0.460616 0.960591 -0.609741 0.583099 0.471618 -0.21904 -0.934873 -0.799917 -0.56627 0.618537
885 5.73773 1.91609 1.24541 0.860286 -0.660656 -0.115345 -0.0372115 0.551696 0.655959 0.709564 0.829646 0.619264 -0.0252347
886 6.96209 2.03219 1.03045 -0.362087 -0.842118 -0.468483 0.0544382 0.335238 0.985881 0.903623 0.868435 -0.725138 -0.841041
903 5.01675 0.477905 1.21851 0.803224 0.547991 0.978295 0.786134 -0.0112064 -0.710838 0.217488 0.0670888 -0.89949 0.00686336
905 4.83765 -0.526999 1.07571 -0.96694 0.123211 0.476778 -0.382044 0.674013 0.280002 -0.834053 0.652308 0.0661361 0.15474
910 2.66949 2.88035 2.53531 -0.931117 0.63372 0.456095 -0.00985324 0.642471 0.472266 0.0661508 0.592692 0.77206 0.363984
918 4.07036 2.44127 0.0676194 -0.835121 0.169259 0.57995 0.177405 -0.359777 -0.774065 -0.586768 0.880537 -0.163871 -0.276208
3 4.06929 -4.34477 1.11847 -0.199543 0.783059 -0.433371 -0.295083 0.615449 0.838053 -0.860489 0.898654 0.0519907 -0.827888
141 7.22764 -8.2113 2.91215 -0.296361 0.108194 -0.339128 -0.0301611 -0.164106 0.458997 -0.962888 -0.96496 -0.591629 0.674544
206 5.13703 0.470715 0.25501 0.707552 0.0465425 0.643557 0.921335 -0.760497 -0.668131 0.71857 -0.23866 -0.9401 0.714319
533 5.96461 5.14843 0.0137857 -0.689763 -0.197455 0.600062 -0.265944 -0.730354 -0.73325 0.596232 -0.258049 0.675264 -0.0269231
898 2.29528 1.00898 1.42529 0.813511 -0.610904 0.266864 0.0363978 0.0707968 -0.301128 0.532009 -0.522292 -0.116626 0.448443
920 5.01667 0.477908 1.21848 -0.9033 0.696812 -0.3423 -0.349221 -0.425908 -0.177421 0.820038 -0.845958 0.999984 -0.53974
927 4.83664 -0.526874 1.07546 -0.03407 0.870361 0.574175 0.381922 -0.88602 0.373035 -0.0171531 -0.378772 0.737805 0.922747
928 4.07062 2.44145 0.0676289 -0.160221 0.886654 -0.824488 -0.898695 -0.269928 -0.576077 -0.690181 -0.360302 -0.457166 0.310668
174 4.38994 0.658438 0.911433 0.686459 0.12783 0.879583 0.152096 0.0269817 -0.478074 0.0907115 -0.573812 -0.495895 -0.935992
252 7.64618 -9.02816 1.39588 -0.424992 -0.0293251 0.689334 -0.153581 0.97247 0.884776 -0.106675 -0.17754 -0.920958 0.0619036
509 4.69931 -3.66305 1.43625 0.305684 -0.907316 -0.316612 0.692226 0.810072 0.842731 -0.436599 -0.33115 -0.318227 0.931486
521 7.92755 -5.25417 2.85746 -0.820211 -0.330187 0.6289 0.169044 -0.231841 0.0135528 -0.390455 -0.668401 -0.830113 -0.681391
892 7.69718 4.34133 1.05977 0.314044 -0.894541 -0.715906 0.712615 -0.72064 0.685969 -0.680273 0.160772 0.851594 -0.0349736
935 4.07043 2.44131 0.0676249 -0.719019 -0.916792 0.246538 0.963125 -0.633256 0.512292 0.306858 0.825865 -0.760669 -0.0481229
49 7.41864 -6.01559 1.842 -0.689327 -0.414222 0.764408 -0.267944 0.798863 0.495275 -0.0483887 -0.454026 0.893281 -0.755348
273 5.81347 -3.25762 2.00689 0.668423 -0.520536 -0.558654 0.294066 -0.839669 -0.801367 -0.217189 -0.861724 0.908735 0.104774
866 6.25133 -4.1556 2.7425 -0.537161 -0.104235 0.767242 -0.609602 0.661625 -0.24364 -0.144066 0.391348 -0.441663 0.917017
911 6.96431 2.03287 1.03078 -0.982471 -0.385862 -0.778247 0.712827 -0.926006 -0.086434 -0.979104 -0.148568 0.487541 0.0928016
926 5.01719 0.477983 1.21861 -0.751589 -0.791486 0.909627 -0.881089 0.00084877 -0.543338 -0.396211 -0.730343 0.0485721 0.563291
62 4.91284 0.859835 1.1172 -0.445573 -0.653399 0.875428 0.521724 -0.806637 0.962217 0.690546 -0.316921 0.384927 -0.0869716
75 3.58451 3.07821 0.886527 -0.649174 -0.910541 0.919433 0.550115 -0.774071 0.72253 -0.585487 0.988392 0.0722291 0.335817
82 7.43079 1.81743 2.36658 0.925102 -0.0496722 -0.230982 -0.283529 0.861709 0.833702 -0.793513 0.801793 0.751209 -0.616456
373 4.83682 -0.117527 0.770204 -0.435928 0.828931 -0.0142737 -0.339049 0.42988 0.542055 -0.0487353 0.727505 -0.320059 -0.841002
403 7.64076 -10.1665 0.584471 0.190165 0.666708 -0.509278 -0.55267 -0.599717 0.492793 0.990549 0.681135 -0.994149 -0.586974
498 4.07315 -0.331914 2.12238 -0.464751 0.413155 0.839367 0.865636 -0.667168 0.926598 -0.874221 0.912457 0.187283 -0.979814
723 7.20135 4.49556 0.25669 0.128971 -0.929101 -0.02496 0.143289 -0.374555 -0.416394 -0.369567 0.71795 0.13021 -0.657725
872 8.60625 5.39197 1.67351 0.428111 0.847718 0.069445 0.499486 -0.433084 0.781935 -0.485582 -0.286674 -0.850318 -0.929226
71 9.08833 4.4794 1.11639 0.180814 0.235164 0.527528 0.548865 -0.431421 -0.846493 0.760017 -0.654556 -0.642027 -0.280428
135 7.22806 -8.21187 2.91237 0.485805 0.455553 0.461855 0.305176 0.227615 0.980329 0.593576 0.406832 0.35542 0.691053
204 6.67733 -2.68852 1.11426 -0.311689 0.797234 -0.478163 0.728032 0.995749 -0.0294869 -0.46624 0.244021 -0.687512 0.668298
276 4.65999 -0.72508 2.96282 0.531855 -0.683572 0.0752114 -0.0770754 0.254499 -0.0478764 0.292591 -0.635768 -0.449296 0.73695
768 6.75818 1.99373 2.95378 0.0649189 -0.179069 0.213072 0.375913 -0.723676 0.258259 -0.208918 0.43046 0.730665 0.656339
136 7.70597 5.6772 1.85331 -0.417624 0.146155 0.691266 -0.994755 0.374588 -0.62927 0.107849 -0.192919 -0.774024 -0.198928
340 5.7545 2.09136 1.61866 0.427898 -0.388001 -0.687436 -0.101055 0.798478 -0.135643 -0.687554 -0.449847 0.534066 -0.36603
456 7.83945 -9.03041 0.933118 0.199062 -0.585708 0.540179 -0.504498 -0.350252 0.643875 -0.537669 -0.699898 -0.801634 -0.915805
500 8.22254 -1.21928 2.23136 0.966673 0.129106 -0.82433 -0.732683 -0.491237 -0.289081 0.680472 -0.65187 -0.423445 -0.986696
668 9.28704 -1.86236 1.40419 -0.566585 0.812114 -0.780023 -0.429643 -0.499277 -0.173557 0.15871 -0.497373 -0.879109 -0.548088
817 5.19874 -2.46157 1.20906 -0.274231 0.523743 0.819922 0.592757 0.627347 -0.0786369 -0.628028 0.598301 0.61455 -0.91909
194 4.79373 -3.13036 0.104025 0.875653 -0.843518 -0.162151 0.783018 -0.665791 -0.672686 -0.140573 0.820535 0.600879 0.0445793
217 6.67728 -2.6885 1.11426 -0.380078 0.307574 -0.981295 0.219472 0.211274 -0.992276 0.662646 0.0984751 0.0529006 -0.754404
224 8.5653 -10.1833 2.86529 0.935452 -0.559892 -0.752325 0.441175 0.377085 -0.415874 0.38997 0.463914 0.125731 -0.119687
357 9.06601 -2.74204 0.63146 0.367889 -0.232975 0.484243 0.430981 0.551726 -0.108414 0.324477 0.729628 0.439443 -0.23825
379 9.49533 2.07809 1.92318 0.241703 -0.547877 0.127767 0.0463963 0.597894 -0.303241 0.0489119 -0.231877 0.168065 0.256177
518 7.22638 -0.488802 0.280221 -0.950739 -0.958014 0.271929 0.861333 0.39595 -0.565019 -0.727786 0.599732 -0.391106 0.123207
549 6.72789 -1.3991 1.11194 0.758305 -0.410291 0.886595 0.913585 -0.145246 0.286242 0.0399528 0.480044 0.392593 0.750649
630 7.08025 -1.05826 0.477721 -0.0398604 -0.0157242 -0.345779 -0.342176 0.656443 -0.0332394 0.506484 -0.175418 0.596314 -0.699246
778 6.25151 -4.1558 2.74265 -0.130899 -0.639431 -0.791487 0.728055 -0.534387 -0.883705 -0.385223 0.30321 -0.41933 -0.709572
809 8.41972 -0.251235 2.78704 -0.25091 -0.909769 -0.957132 -0.276385 -0.538913 -0.19373 0.834641 0.788711 -0.242036 -0.217299
831 8.6074 5.39291 1.67381 -0.103442 0.446212 0.705412 0.109605 0.353958 -0.875836 -0.0531377 0.578163 -0.704308 -0.0842655
860 5.73802 1.91626 1.24548 -0.779044 -0.881711 0.747622 0.545106 -0.847159 0.253389 -0.226343 -0.00634754 -0.863219 -0.499015
0 7.98008 0.796254 1.607 0.59688 0.823295 -0.604897 -0.329554 0.536459 -0.444451 0.10794 -0.0452059 0.257742 -0.270431
91 7.63463 3.25508 1.99423 0.478933 -0.0463 -0.815013 -0.073116 0.882486 0.76145 0.280197 -0.46716 -0.570518 -0.443991
196 8.10783 -2.70246 2.92407 0.543446 0.465136 -0.924684 -0.909092 0.42464 0.950968 -0.75261 -0.737511 0.733986 -0.418401
244 5.13884 0.470945 0.255108 0.0431653 -0.895202 0.513693 0.624011 -0.858383 0.717789 -0.366397 0.305536 0.155797 0.253145
390 9.01648 -10.41 1.1302 0.321336 0.0155724 0.254602 -0.56322 0.335345 0.86228 0.298069 0.159584 -0.579669 0.43009
512 5.96468 5.14849 0.0138142 -0.634193 0.0610135 0.746433 -0.34739 0.580688 -0.910602 -0.255151 0.208403 0.0479094 -0.447927
548 7.73261 -0.884954 0.531221 -0.830574 -0.395104 -0.442079 -0.497538 -0.905652 0.0589718 0.0461618 -0.560381 0.00842857 -0.793905
586 5.98206 -2.90864 0.827692 0.0187167 -0.954867 0.740344 0.218838 -0.310535 -0.1292 -0.717996 0.0859464 -0.0741768 0.739363
764 7.20204 4.49616 0.256734 -0.962546 -0.456655 0.255936 -0.730697 0.95151 -0.500328 0.166466 -0.989354 -0.671606 -0.564368
803 5.19873 -2.46158 1.20906 -0.759037 0.987209 0.750335 -0.560071 -0.569532 0.217455 0.0943798 0.791583 -0.27677 0.679391
79 8.92807 5.13641 2.55201 -0.227403 -0.719324 -0.146891 -0.79322 0.200811 0.935388 -0.781533 0.738179 -0.681351 0.605207
185 10.2542 -7.00423 1.7726 0.0807773 -0.583649 -0.526938 0.331644 -0.266434 0.87263 -0.659558 0.891217 -0.216417 -0.144001
237 6.67697 -2.68828 1.11417 -0.0441139 -0.956403 0.659507 -0.976064 0.204442 0.86307 -0.949382 0.181205 0.342271 0.153447
257 5.81347 -3.2576 2.00688 0.949986 -0.201161 -0.141636 0.0748146 -0.861964 -0.114519 0.261546 -0.803885 -0.0338339 -0.755974
394 8.34456 -6.38527 1.11271 -0.193058 -0.499895 0.98979 -0.303386 0.411373 0.92968 0.629019 -0.985652 0.203199 0.65019
401 9.99512 -5.00192 2.18565 0.00207019 0.543219 0.280851 -0.486941 -0.577524 0.189369 0.647174 0.824618 -0.911852 -0.581235
442 8.2227 -1.2193 2.23141 -0.192771 0.606247 -0.693634 -0.378346 0.571451 -0.571722 -0.311828 -0.331648 -0.65471 0.143678
579 6.89692 -3.18155 1.27873 -0.836834 -0.105862 -0.811195 0.013309 0.998884 0.521594 0.0422509 0.531147 0.221418 0.268636
605 9.2859 -1.86203 1.40395 0.921483 0.479119 -0.389221 0.336127 0.177424 -0.393901 -0.0736098 -0.111088 0.875143 0.118245
904 4.83697 -0.526881 1.07555 -0.439323 -0.177775 -0.453454 0.571201 0.350108 0.109522 0.84981 -0.848933 -0.059393 -0.813364
50 7.41829 -6.01517 1.84186 0.849079 -0.631868 -0.435432 -0.665669 -0.594046 0.25225 -0.647522 -0.746662 -0.544896 0.893849
87 7.43149 1.81769 2.36687 0.713652 0.819024 -0.226661 0.912222 -0.651729 -0.624614 -0.505664 -0.279671 0.83479 0.25576
99 7.70608 5.67732 1.85335 -0.507049 -0.610105 -0.744515 -0.797753 0.169996 -0.879082 -0.834846 -0.715421 0.538149 0.979083
207 10.1211 4.94126 1.50946 -0.955659 -0.738041 0.999303 0.966078 -0.277763 -0.824436 -0.270611 0.533725 -0.593608 -0.772939
232 6.67733 -2.68855 1.11429 -0.11467 -0.350817 0.404875 -0.315297 -0.899491 -0.0523909 0.82812 0.731313 -0.953354 -0.0413691
347 10.5811 -7.95889 1.97196 0.400755 0.387145 -0.705289 0.580034 -0.111311 -0.781779 -0.93899 0.836682 0.549652 0.393835
418 8.39861 8.13474 1.75783 -0.920895 -0.0143145 0.299817 -0.641617 0.896507 0.764454 0.970399 -0.759259 -0.629835 0.61629
632 7.08049 -1.05832 0.477744 -0.0882902 0.201696 -0.299839 -0.722891 -0.561019 0.660301 0.261384 0.0932024 -0.681875 -0.082173
692 9.76851 2.743 2.11744 0.634768 -0.792136 0.880014 0.109396 -0.345832 0.214612 0.0733832 0.821755 -0.3496 -0.993717
823 7.98085 1.7083 0.201201 0.0508676 -0.749369 0.0661669 0.733403 0.568444 -0.535874 0.0444659 0.93055 -0.468979 -0.029999
445 4.8364 -0.117497 0.770106 -0.910837 -0.275366 -0.703537 -0.837445 -0.325497 0.783999 -0.315782 0.125994 -0.480445 0.572218
447 9.49501 2.07804 1.92309 -0.364793 0.0422708 -0.943833 -0.783837 0.251046 -0.854671 -0.0592022 0.547509 -0.692115 0.615301
564 10.0632 9.39583 1.51148 -0.631889 -0.14868 0.24385 -0.468834 -0.120378 0.500721 -0.465912 -0.957167 -0.767775 0.978964
582 6.19569 -3.42529 2.00218 -0.0264319 -0.806796 -0.525327 0.974384 0.165895 0.0992548 -0.452846 0.214262 0.022279 0.736593
811 10.021 -5.94134 0.143416 0.562232 0.625807 -0.00121057 -0.253467 0.337193 0.74788 -0.163236 0.380062 -0.528505 0.297851
16 5.88288 0.540363 1.98019 -0.503912 0.258959 -0.541726 0.40124 -0.366266 -0.342446 -0.537144 -0.851678 0.266144 -0.552687
177 9.88529 -6.73563 2.85629 -0.717587 -0.140497 -0.501465 0.421614 0.126526 0.118498 -0.0175725 -0.599664 0.530116 -0.298198
348 8.85556 -5.67291 0.0928748 0.85717 0.0853071 -0.75142 0.230527 0.343604 -0.290332 0.169706 -0.685386 -0.0704218 -0.999179
619 7.73251 -0.88491 0.531217 0.024256 0.927912 0.36761 -0.955498 -0.945418 -0.592501 -0.776592 0.316644 0.55347 -0.315855
712 10.2718 6.72978 1.85909 -0.047856 -0.70974 0.492367 0.772676 -0.597489 -0.547969 -0.728103 -0.195626 0.799444 -0.15969
733 6.40905 3.69723 0.971009 -0.355961 -0.699221 0.578572 0.136807 0.153338 -0.73716 -0.491592 -0.506446 -0.590849 -0.133977
222 9.7489 -5.28005 1.62617 -0.663549 0.948795 -0.913171 -0.458395 0.490343 -0.710418 -0.00764436 0.520445 0.393025 -0.477797
341 11.2927 -1.14643 1.08312 -0.722288 0.11791 0.30695 -0.338545 0.284443 -0.383251 -0.817473 -0.673885 0.819384 -0.00643522
372 10.5804 -7.95819 1.97179 -0.202965 0.887581 -0.019486 -0.533325 0.958634 0.614818 -0.650272 -0.993072 -0.402612 0.23255
737 9.94928 1.82469 0.548552 -0.355171 0.119763 0.030104 0.57974 -0.776874 0.113401 -0.858381 0.0912749 0.510062 -0.160752
742 10.2726 6.73069 1.85933 -0.409192 -0.314678 0.636559 0.524035 -0.878934 0.0500507 0.29651 -0.839728 -0.328956 -0.815566
754 9.76838 2.74295 2.11737 0.0396359 0.446079 -0.307351 -0.980977 0.211523 -0.496387 0.825841 0.690852 0.306763 -0.330148
785 7.20187 4.496 0.256741 -0.0772994 -0.103743 -0.510799 0.544046 -0.869112 -0.531945 -0.872697 0.65881 -0.659437 0.975683
839 8.60709 5.39265 1.67371 0.0018822 -0.219462 -0.828347 -0.864169 -0.211725 0.0753521 -0.0938888 0.27916 0.733188 0.114781
46 8.69018 4.13784 2.7723 0.927009 -0.336308 -0.195242 0.121569 0.108896 0.244333 -0.617945 -0.0440782 -0.27979 0.30776
162 11.4881 -3.04423 1.616 -0.594425 0.268688 0.0260472 -0.746842 0.114005 -0.975397 0.601416 -0.740525 -0.641723 0.168242
164 10.3998 -0.793331 2.71477 -0.137185 0.76147 -0.208024 0.893055 -0.933704 0.19755 0.161743 0.0923436 0.450708 -0.724252
188 10.7964 -6.04873 0.123982 -0.404089 0.267976 -0.358287 0.851637 0.447803 0.277714 -0.553119 -0.233973 -0.294103 -0.666489
421 8.34452 -6.3852 1.11268 -0.813176 -0.81242 -0.182426 -0.737512 0.773984 -0.574423 0.289888 0.196021 -0.32873 -0.195941
562 7.22758 -0.488901 0.280298 -0.743129 -0.997078 0.163211 -0.268496 0.444876 0.12381 -0.798176 0.00589406 -0.0856862 0.490584
749 10.272 6.72999 1.85914 -0.633416 0.235294 0.650902 -0.701771 0.53871 0.0101142 0.731754 0.141226 -0.270936 -0.17257
762 11.0042 -6.81495 0.999763 0.243736 -0.102837 -0.940863 0.828722 0.269166 0.871412 0.0165757 0.866641 -0.859927 0.479918
47 8.69009 4.13775 2.77224 0.730867 -0.780445 -0.252888 -0.601995 0.29304 0.185384 0.353108 0.192681 -0.882279 0.121744
289 7.12296 -2.1716 2.07265 0.878587 -0.488343 0.344356 0.95008 -0.844064 0.895788 -0.712365 -0.433216 0.99932 -0.314474
354 8.85581 -5.67323 0.0928553 0.317241 -0.239273 0.875429 -0.703231 0.454418 0.43287 0.655315 -0.135236 0.697479 0.229562
365 10.5802 -7.95786 1.97169 0.79077 -0.899119 -0.565364 -0.243821 0.552011 0.0227494 0.90537 -0.213645 0.569051 -0.309357
407 10.9511 7.46853 2.04693 -0.708016 0.952959 -0.912045 0.661734 -0.800893 -0.0453834 0.704121 -0.939105 -0.362943 -0.465606
417 9.4949 2.07803 1.92304 -0.802483 0.56043 0.0900091 -0.454776 0.249183 0.527064 -0.776395 0.379441 -0.700817 0.246688
608 10.8167 -10.326 2.21554 0.710472 0.986346 -0.0553367 0.718451 -0.100825 0.67382 0.389862 0.793649 0.140742 0.951503
637 11.7994 -9.81248 2.18272 0.00497758 -0.661271 -0.604782 0.436686 0.350049 0.137498 -0.213778 -0.578669 0.704388 0.878166
698 7.08 -1.05816 0.477687 0.346829 -0.458656 0.423486 0.41353 0.468733 0.543114 -0.889143 -0.39619 -0.120481 -0.96802
759 10.6618 5.12592 2.35268 0.0753695 0.583986 -0.88177 -0.850672 0.0494187 0.459938 0.893137 0.292039 0.437887 -0.334686
94 7.43137 1.81766 2.36678 -0.72231 0.4106 -0.53487 0.194227 -0.98424 0.638203 -0.053909 0.0454577 0.58184 -0.74639
212 6.68503 3.00991 0.866676 -0.385007 -0.088598 0.0258124 -0.978766 -0.212103 0.734254 0.654536 0.351319 -0.960711 0.843623
221 11.586 2.7217 0.752329 -0.583975 -0.260415 0.180669 0.616976 0.767792 -0.6503 -0.328575 -0.529094 -0.726076 0.794848
305 7.11894 3.69314 2.55896 0.108455 0.294866 -0.212445 -0.733791 -0.428108 0.93637 -0.544096 -0.00955236 -0.995265 0.36325
329 9.06557 -2.74175 0.631401 0.193624 -0.287057 0.528776 0.853413 -0.995455 -0.807009 0.876798 -0.248125 -0.940567 0.191326
368 10.9724 8.64536 2.35494 0.54629 0.0389086 -0.146582 0.367977 0.188586 -0.719302 0.134319 -0.609116 -0.460609 -0.806567
427 11.4058 -0.822387 2.01016 0.722535 0.901922 0.258614 -0.405867 -0.0975846 0.818708 0.221926 -0.723734 -0.657121 0.658118
451 9.44299 4.50794 2.33817 0.506233 0.0653706 0.437192 0.125722 0.141862 -0.573596 0.741908 -0.0392234 -0.0825361 -0.329612
531 11.6909 -2.65128 1.81818 -0.333312 -0.137823 -0.527695 0.408514 0.376845 0.927217 -0.973938 -0.55278 -0.386331 0.686613
537 7.07999 -1.05815 0.477682 -0.38319 0.617982 -0.170558 -0.435409 0.270175 0.185587 0.0491117 -0.518634 -0.54019 0.283194
592 8.75435 4.71348 2.17192 0.830188 0.973962 0.663063 0.302205 -0.842053 -0.831726 0.363252 0.834075 0.640631 -0.669849
612 8.60703 5.39255 1.67369 -0.687846 0.491746 0.186826 0.327141 0.389794 0.991906 -0.890935 0.123171 0.665086 0.546839
624 8.74146 3.89237 0.466126 -0.00639963 0.660534 -0.733744 -0.661257 0.72882 -0.171122 -0.631969 0.176289 0.743861 -0.60895
215 11.5957 2.72572 0.753481 0.989019 -0.556826 0.887201 0.0451766 -0.417049 0.390079 0.847789 -0.166499 -0.653929 -0.229998
317 10.1979 4.96657 0.264344 0.560374 -0.0674934 -0.608337 -0.138194 0.668519 -0.451483 0.501359 0.724185 0.656654 -0.863779
386 10.0838 1.92835 2.5736 -0.0480225 -0.243244 0.302182 0.432484 0.988756 -0.113412 -0.456119 -0.656867 0.0728633 0.0542915
604 11.6913 -2.65144 1.81828 0.318233 -0.911661 -0.902517 0.509487 -0.652275 -0.812441 0.23456 0.0717087 0.0110886 -0.591692
621 9.76874 2.74316 2.11752 0.824422 -0.0906923 -0.947024 -0.230851 0.234043 0.0772321 -0.30294 -0.398348 0.121735 -0.248358
675 6.26502 2.94969 1.94865 -0.0972679 0.828181 0.731951 0.196139 -0.145513 -0.738751 -0.126487 0.814004 -0.00273544 -0.562518
740 7.69763 4.34176 1.05987 0.413492 0.772475 -0.960793 0.620993 -0.112076 0.291664 0.679273 -0.457586 0.701523 -0.918115
753 6.96498 2.03325 1.03095 0.584269 0.492711 0.216855 -0.947888 -0.740223 0.886141 0.118079 -0.157403 0.736354 0.538963
112 7.63496 3.25549 1.99447 0.00295949 -0.781826 -0.752061 -0.90727 -0.432166 -0.899473 -0.958272 -0.0410898 -0.219422 0.117047
191 9.6973 3.20158 2.78082 -0.886262 -0.850989 -0.887078 0.743702 -0.0206882 -0.94269 -0.300574 0.0238575 -0.795043 0.60902
214 11.5889 2.72294 0.752662 -0.71555 -0.534099 -0.691213 -0.146918 0.189664 -0.0762202 0.764484 -0.784523 -0.0549859 -0.447619
279 10.1887 4.95733 0.263823 -0.465503 -0.356532 0.239241 0.217021 -0.123516 0.720435 0.371078 -0.836717 0.90324 0.409513
440 14.514 -3.90296 0.326726 -0.878088 -0.933482 0.0969003 0.917011 -0.544494 0.419336 0.728103 -0.19381 0.399848 -0.55173
517 13.391 -0.631113 2.14314 -0.392342 -0.0411466 -0.824722 -0.50493 0.354429 0.129903 -0.0654435 -0.783899 0.693593 -0.470964
550 9.89995 5.43807 0.706333 0.251305 -0.0969144 -0.686248 0.530083 -0.365836 -0.516823 -0.865022 0.192085 -0.0143605 -0.770673
569 9.44395 4.50899 2.33876 0.0139885 -0.709491 0.344344 0.231644 -0.212543 0.428689 0.428264 -0.548952 0.947083 -0.390259
628 9.46067 4.38747 1.43068 -0.68746 -0.15134 0.168139 -0.370447 -0.20573 0.875944 0.60202 -0.388255 0.49264 0.831591
704 6.26502 2.94968 1.94864 -0.381805 0.123618 0.381841 -0.17697 -0.510319 0.82752 0.555061 -0.942775 -0.503485 0.669169
180 14.5463 -1.39114 2.33642 -0.149279 -0.52725 -0.69325 -0.701603 0.118669 -0.999189 -0.124666 -0.152447 -0.161619 -0.242068
190 6.68511 3.01011 0.866739 0.380134 0.690649 -0.0789292 0.792111 0.488414 0.516982 0.0600868 -0.869873 0.368619 -0.49211
213 9.69784 3.20197 2.78121 0.502878 -0.197387 -0.74945 -0.0440083 -0.0777877 -0.902722 -0.417655 0.746825 0.39853 0.143279
239 11.5916 2.724 0.753008 -0.433357 -0.898067 -0.796529 0.180707 0.604524 0.159357 0.224304 0.264031 0.183293 -0.571254
255 10.1993 4.96807 0.264457 -0.972883 -0.813268 -0.941921 -0.919315 -0.0175198 0.89152 0.181266 -0.31532 -0.139197 0.380191
324 10.7478 1.09906 0.349267 0.0841597 0.359045 -0.71088 -0.429574 0.614228 0.0257161 0.422177 0.0942372 0.284679 0.363596
627 9.76898 2.74331 2.11765 0.0685669 0.908901 -0.62709 -0.539141 -0.795539 0.340603 -0.816152 0.0334333 0.288366 0.618877
739 13.4545 0.918328 0.337839 0.996431 0.160294 -0.432962 0.00158036 0.759925 0.211867 -0.878657 -0.209971 -0.208392 -0.655531
37 8.69062 4.13844 2.77277 -0.997749 -0.988582 -0.389522 -0.476859 0.310736 0.71511 -0.637678 -0.317291 0.334681 0.758019
77 8.92805 5.13646 2.55201 0.0822792 -0.988314 -0.462632 -0.616739 0.386741 -0.111805 -0.52728 0.306173 -0.56169 -0.301352
270 9.6982 3.20223 2.78148 -0.493988 0.447039 0.0731277 -0.709756 -0.000453234 0.169136 0.467936 -0.206432 -0.913555 -0.836435
320 10.1978 4.96658 0.264365 -0.11852 0.658588 0.986127 -0.0218225 0.586611 0.160737 -0.0157173 -0.000238776 0.189437 0.294118
393 6.69371 9.2191 2.74886 0.558383 0.0892488 -0.280181 0.293521 0.953542 -0.13568 -0.667779 0.138626 0.761403 0.0176166
438 5.22131 6.17133 2.07878 -0.677564 0.811091 -0.649315 0.980512 -0.279833 0.695432 0.848172 0.918068 0.369954 0.993716
450 4.73477 7.70735 2.43409 0.437861 0.226384 0.663394 -0.570037 0.967678 0.514457 -0.00571609 -0.841966 0.862367 0.694664
458 9.44307 4.50807 2.33822 -0.789868 0.198694 -0.779928 0.349745 0.55264 0.419134 0.764037 0.0928183 0.914636 -0.586214
464 6.98957 7.08147 2.0372 -0.0271644 -0.938594 0.0233461 0.0937692 -0.480435 0.147365 0.414446 0.454165 -0.62307 0.198851
505 14.1607 2.45071 0.6936 -0.645631 -0.234013 0.220104 0.247822 -0.799595 -0.480147 -0.845421 0.909552 -0.478063 -0.0129028
556 6.40908 3.69737 0.971074 0.988399 0.996381 -0.299242 0.544166 0.93998 -0.216248 0.466553 -0.652842 0.91528 0.235605
585 10.6622 5.12644 2.35292 -0.946435 0.62818 -0.120741 0.771118 0.268833 0.396329 -0.560216 -0.68318 0.259331 -0.886926
678 7.98085 1.70841 0.201209 -0.797586 -0.908234 -0.373983 -0.405675 0.0238745 -0.960727 -0.913834 -0.135361 0.266446 -0.333111
20 3.44312 5.96235 0.403951 -0.485469 0.0648819 -0.824713 -0.479006 0.754768 0.37225 -0.81252 -0.777449 -0.276798 0.153381
39 10.7878 3.66771 1.30199 -0.533762 0.853152 0.102886 0.86684 -0.0111862 0.105137 0.878258 0.599291 0.628277 0.188995
103 6.70806 6.29457 2.29717 0.432399 0.0947199 0.480901 -0.106248 -0.250051 0.116395 0.681608 -0.865075 0.407141 -0.558643
229 5.11079 4.4865 0.785936 0.968528 0.0750718 0.272564 -0.717869 0.975184 0.156013 0.476047 -0.371207 0.157548 0.0707208
275 9.69792 3.20205 2.78127 0.901747 -0.0544072 0.466355 -0.782355 -0.0168586 0.134778 -0.30289 0.424487 -0.571156 -0.142559
304 6.54675 6.07078 0.44107 0.510067 -0.563739 -0.407935 -0.382448 0.990447 -0.20944 0.699701 0.53523 -0.538621 -0.42421
477 10.4614 3.76075 0.754473 0.906963 -0.669358 0.0752866 -0.396006 0.186727 0.0878733 0.698024 -0.767612 -0.336127 -0.615916
520 9.44374 4.50879 2.33868 -0.292163 -0.870239 0.363799 0.371776 0.863985 0.41306 0.413762 0.135915 0.274392 -0.190288
765 7.98082 1.70839 0.20121 -0.977869 -0.175112 0.562752 -0.557891 -0.397598 -0.297596 0.55069 -0.193119 0.434501 0.946034
780 4.56913 4.12696 1.47046 -0.986888 -0.215834 -0.31828 0.13573 0.968484 0.550821 0.496299 -0.823003 0.278877 0.961912
7 12.4324 5.50075 0.911878 -0.12088 0.84794 -0.203127 0.629534 0.368437 0.821944 -0.0350187 -0.56835 0.900505 0.840256
21 1.31294 7.11286 2.57494 0.551535 -0.423241 -0.340716 -0.620498 0.968726 -0.992843 0.654782 -0.337042 -0.623598 -0.127006
76 1.64751 8.93397 0.649803 0.423812 -0.189465 -0.613015 0.675972 -0.690579 0.347296 -0.352297 -0.305607 0.0650283 -0.0855207
189 3.24774 7.77566 0.267123 0.944388 -0.0442758 -0.955454 -0.852352 -0.0904063 0.854488 0.702408 -0.431292 -0.388881 0.169044
226 9.69793 3.20205 2.78128 -0.0262535 0.472183 0.547006 0.619006 0.925916 0.482458 -0.940886 -0.826409 -0.0763676 0.436199
300 10.3632 3.8281 0.793196 -0.147008 -0.647242 -0.665643 -0.222325 -0.213665 0.79087 0.982304 -0.532886 -0.852502 0.031942
395 9.90054 5.43885 0.706451 -0.700252 0.116726 -0.935986 0.958906 0.900746 0.622397 0.0481548 -0.379435 -0.0840818 0.00169671
402 13.0315 5.13554 2.0774 0.299441 -0.266976 -0.00990885 0.981139 0.469097 0.0484805 -0.101318 0.457996 0.989811 -0.327363
404 10.2729 6.73134 1.85955 -0.0413483 -0.928209 0.190487 -0.413969 -0.161721 -0.510072 0.319055 0.82837 -0.528933 -0.211848
453 9.46164 4.38853 1.43106 -0.392726 0.341782 -0.0774235 0.0674467 0.322636 -0.57119 -0.867183 -0.240172 0.554532 0.274679
454 10.663 5.12709 2.3533 -0.896303 0.966829 0.650354 -0.445509 0.621863 0.735537 0.789661 -0.593126 0.431804 0.356717
478 8.75465 4.71396 2.17217 0.165984 -0.714991 0.503757 0.802579 -0.413575 -0.401238 0.23094 0.139862 -0.403314 0.838118
526 6.26505 2.94979 1.94875 -0.250017 0.957943 -0.319496 -0.821494 -0.234222 0.422569 0.925639 -0.92369 -0.550291 0.875723
561 4.96946 4.48041 2.60637 -0.901468 -0.321224 0.762173 -0.139413 -0.933921 -0.734849 -0.141754 -0.936109 -0.385877 0.688644
590 8.60768 5.39368 1.67411 -0.494789 -0.938953 0.676128 0.472358 -0.0331016 -0.572397 -0.447422 0.555506 -0.189567 -0.874997
616 6.965 2.03329 1.03098 0.825798 0.544241 0.520071 0.393325 -0.98472 -0.0257384 0.0265256 -0.627 0.251381 -0.0168152
383 10.1977 4.96641 0.264348 -0.683592 -0.328633 -0.998242 -0.677961 -0.73997 -0.133362 0.508531 0.524888 0.447511 -0.193618
669 6.98947 7.08107 2.03706 0.483372 0.656269 -0.716335 -0.468197 0.183675 -0.65684 -0.0689257 0.944908 -0.237626 -0.320682
730 13.031 5.13527 2.07724 0.766776 0.396829 0.840847 0.82631 0.536854 -0.223963 -0.33946 -0.491219 -0.120748 0.987415
847 8.75475 4.71409 2.17226 0.117484 0.480253 0.366144 0.95388 -0.761578 -0.733749 -0.345913 -0.859124 -0.818209 0.193215
874 0.968716 8.90065 1.8845 -0.87658 0.255803 -0.697976 0.864108 0.262599 0.730135 0.711826 -0.667956 0.229621 -0.721258
877 3.13836 3.90055 0.212583 -0.698683 0.876748 0.746952 -0.954643 -0.131184 -0.989386 0.860171 -0.614945 0.406594 0.438314
909 8.60749 5.3934 1.674 -0.308187 -0.691931 -0.222562 -0.426025 0.071906 0.035627 -0.357226 0.176206 -0.405154 -0.163971
951 2.12529 5.64786 2.39923 0.17166 -0.836515 -0.121397 0.386527 0.220197 0.00337672 -0.998224 0.479 -0.172198 -0.665477
953 2.24399 8.54244 2.20566 0.0364577 0.555652 0.767362 -0.606662 -0.121735 -0.0609784 -0.443177 0.756868 -0.674452 0.77702
968 1.95952 5.10492 0.168181 0.0707698 -0.385812 0.0864311 -0.069716 0.93266 -0.20925 -0.724557 -0.0435116 -0.647863 -0.970503
96 1.64776 8.93353 0.649765 0.453692 -0.388025 0.291288 -0.691717 -0.819741 0.568978 0.718883 -0.354611 -0.236795 0.734643
193 -0.0992379 7.283 2.636 0.991824 -0.773453 0.990597 0.807324 0.500465 -0.895665 0.956335 0.613386 0.848036 -0.0643535
534 9.90061 5.43895 0.706466 0.282838 0.387939 -0.257415 -0.963266 -0.129583 -0.107027 0.411077 -0.326804 -0.263838 0.129798
813 -0.342232 8.32395 1.10908 0.640506 0.926489 -0.324421 -0.817356 0.262349 -0.76219 0.808451 -0.738862 -0.0156565 0.145644
865 8.60736 5.39323 1.6739 0.874235 -0.349473 -0.938437 -0.310667 -0.301642 -0.184956 -0.994585 0.597865 -0.76278 -0.0403678
297 3.52532 5.50041 2.66181 0.542774 -0.0962413 0.818657 -0.279616 0.133807 0.503108 0.760041 0.819276 -0.137606 -0.119566
344 12.5535 8.11252 1.62513 -0.467904 -0.247613 0.108737 -0.685334 0.862874 0.784842 -0.350078 -0.368495 0.676061 -0.0805489
426 6.6938 9.22082 2.74944 0.947503 0.133863 0.86847 0.311761 0.836989 -0.239422 0.480078 0.35569 -0.869921 0.0566326
663 0.555618 10.4138 0.0197809 0.941584 -0.536698 0.905238 -0.124844 -0.23937 0.197449 0.344587 -0.82061 -0.39905 -0.548589
897 9.83517 5.31227 0.960496 0.236569 0.858017 0.978294 0.576099 0.139594 -0.83104 -0.119346 -0.209869 -0.884639 0.261229
947 0.711153 10.4451 2.42656 -0.33514 -0.939474 0.823421 -0.569482 -0.531915 0.907633 0.627697 -0.748802 -0.860526 0.724962
436 10.9735 8.64738 2.35551 0.344748 0.867661 0.197901 0.674522 -0.854457 0.391434 -0.487835 -0.459693 0.900568 -0.322562
173 11.719 7.52794 0.187728 -0.555551 0.505941 -0.775258 0.857206 0.211701 0.138847 0.568044 -0.823599 0.181035 -0.308075
557 10.0639 9.39768 1.51184 0.755728 0.199961 0.50926 -0.314099 -0.709067 -0.204749 -0.964807 0.602088 -0.17431 -0.00431347
948 2.24432 8.54188 2.20545 -0.898265 0.175223 -0.912845 0.382518 -0.150465 0.296577 0.279144 0.431888 0.50429 -0.193395
160 7.13761 8.04947 2.50119 -0.00144476 0.348258 0.14547 -0.666326 0.566827 -0.366232 0.765857 -0.111242 0.311625 -0.349588
377 -0.799738 9.33705 0.69531 0.568992 -0.997484 0.170229 -0.528694 -0.792735 0.792076 -0.393831 -0.986474 0.0327893 0.709821
430 2.92825 8.9981 1.26369 -0.018653 0.522761 -0.786063 -0.801091 0.24213 -0.268059 0.268841 -0.165368 -0.123296 0.986404
674 7.202 4.49645 0.256789 0.854488 -0.774124 0.420991 0.731395 -0.417257 -0.484526 -0.71238 0.153539 -0.124107 0.247022
826 -0.712301 9.89586 2.67925 0.520775 -0.210085 0.222426 0.539881 0.942201 -0.437068 -0.0124431 -0.74071 0.769863 0.624211
869 8.60749 5.39342 1.67399 0.426482 0.762388 -0.766821 -0.549322 0.0158664 -0.768497 0.556423 -0.89786 0.826175 -0.892971
267 6.59285 10.3385 2.72295 -0.172969 -0.931947 0.599833 0.0400231 -0.112678 -0.119083 0.868957 0.994903 -0.471001 -0.800306
391 14.2161 9.79605 0.270813 -0.855499 0.0387003 0.185084 -0.102917 -0.314605 -0.421262 -0.296043 0.320042 0.0895774 -0.965256
337 9.88023 8.00019 0.170317 -0.150985 -0.239448 0.305884 -0.431382 -0.410502 0.541223 -0.244189 0.381588 0.769753 0.396885
192 11.7191 7.52794 0.187714 0.489464 0.0764093 0.486326 0.273566 -0.814848 -0.13354 -0.0357851 0.106223 -0.34143 -0.547372
792 9.88947 11.8742 0.168456 -0.0182236 0.113555 0.471903 0.490836 -0.97706 0.727198 0.638644 -0.0326483 -0.51138 0.084008
822 6.26019 9.75251 1.36518 0.74008 -0.224017 0.870749 -0.312672 0.283843 -0.832931 0.715486 0.00146544 -0.302383 0.20907
924 2.24418 8.54204 2.20553 -0.452965 -0.515122 0.268808 -0.40809 -0.0404977 -0.108878 -0.980781 -0.0421047 0.805151 -0.197431
966 0.710556 10.4459 2.4268 0.704319 0.345159 0.0238279 0.561387 0.754055 -0.0416735 -0.728297 -0.0311136 0.726056 -0.582109
1 7.27812 9.92002 2.53276 0.271423 0.434594 -0.716795 0.213938 -0.967399 -0.514226 -0.725537 0.608353 -0.686642 -0.198111
366 12.5537 8.11268 1.62518 0.42728 0.766342 0.202298 -0.741307 0.0591142 -0.694207 -0.957833 -0.276013 -0.315526 0.956222
439 6.69374 9.22069 2.7494 0.21007 -0.440443 -0.771311 0.248677 0.368363 0.701957 -0.356199 0.255983 0.100825 -0.172142
640 6.98958 7.0819 2.03735 0.021228 0.748425 0.899615 0.417868 0.161471 -0.369325 0.544621 -0.254505 -0.171559 -0.225329
853 14.6264 9.8649 1.71736 -0.416059 0.864155 -0.617977 0.0149214 0.121378 -0.710813 -0.332326 -0.405625 -0.789046 -0.729104
133 9.28413 11.5128 1.40117 -0.481526 -0.7116 -0.820782 0.375091 -0.902523 -0.759515 -0.565401 -0.457064 -0.0649414 0.356136
205 10.7341 8.61051 0.0717163 -0.82374 -0.236689 -0.188512 -0.769172 0.497672 0.153202 0.190203 -0.671276 0.381834 0.115238
435 4.50838 13.1274 1.38707 -0.774835 0.314731 -0.046711 -0.359641 0.538494 0.994349 0.0419562 -0.863106 0.19074 -0.984009
907 -1.70012 12.7917 0.948284 -0.741811 -0.931201 -0.8957 0.559219 -0.806746 -0.86264 -0.317569 0.670032 -0.244683 -0.643557
932 1.86582 11.1499 2.51071 -0.110629 0.0354502 0.789648 -0.0388271 -0.146257 0.705765 -0.0442774 -0.935875 -0.249372 0.531873
22 7.56046 8.261 2.9355 0.398151 -0.757714 0.371572 -0.232336 0.548547 0.886103 0.832546 0.723834 -0.592904 0.587314
83 7.12381 10.3034 2.39613 0.641851 0.936789 0.0175978 -0.990547 -0.623504 -0.425621 0.255036 -0.476228 0.497357 -0.927008
241 6.59285 10.3391 2.72322 0.257679 0.170461 0.609192 0.0663304 0.657976 -0.824166 0.168264 0.861447 0.356542 -0.227212
264 4.2902 11.6115 1.70744 0.958104 -0.143936 -0.353787 -0.113578 0.220091 0.707998 -0.773275 0.904615 -0.851084 -0.82487
461 6.82374 11.4844 2.17706 -0.405248 -0.595234 0.994957 -0.0282801 0.118654 -0.0699838 0.432882 0.868181 0.853103 -0.614887
964 0.71051 10.446 2.42683 0.934499 -0.289684 0.214832 -0.23227 -0.853812 -0.989784 0.501704 -0.972296 -0.769179 0.691912
145 6.36795 9.40649 0.0937248 0.566061 0.464277 -0.917448 0.596949 0.344034 0.777599 0.515141 -0.230922 0.660221 0.522057
392 7.38528 11.641 0.401084 0.93989 -0.0675948 -0.397025 0.273519 -0.978829 0.92431 -0.710909 0.275772 -0.63891 0.624436
711 14.4965 11.4788 1.77275 0.111423 0.221559 -0.955967 0.916003 0.943512 0.981186 -0.963091 0.962317 -0.997917 0.531366
714 -0.250525 12.2024 1.5894 0.712437 0.428083 0.772187 0.488329 -0.538463 -0.275669 0.778589 0.953903 -0.502993 -0.8189
333 -1.95625 13.2874 0.863434 -0.795388 0.472763 0.148521 0.176801 -0.758839 0.7756 0.944412 -0.0344303 -0.0817431 -0.138737
349 0.14604 11.9761 0.434205 0.635491 -0.262955 0.665369 -0.896815 -0.796279 0.066124 0.49033 -0.501568 -0.353841 -0.620982
408 1.07476 13.7754 0.628571 -0.387869 0.735636 -0.330823 -0.898037 0.166202 0.488817 -0.995179 0.467272 0.961482 -0.854677
515 9.84052 9.86402 0.157487 -0.0453756 -0.560514 -0.138328 -0.43631 0.59448 0.461981 -0.029654 0.205188 -0.628821 0.378047
542 10.0639 9.39777 1.51187 -0.699816 0.202288 0.0652163 -0.421103 -0.0936326 0.0222374 -0.859195 -0.386759 0.515837 -0.179949
830 4.62856 13.1284 0.703127 0.847817 -0.354454 -0.921268 0.709636 0.820626 0.175159 -0.892965 0.98546 -0.9085 -0.0294335
311 4.29011 11.6117 1.70749 -0.463615 0.470062 -0.0750427 0.217714 -0.168603 0.360674 0.196063 -0.136165 0.144309 -0.993336
779 2.3542 12.8954 0.562847 0.252393 -0.810886 -0.914333 -0.799374 0.599122 -0.532352 0.847985 -0.696094 0.00397849 0.445617
975 0.478486 14.1951 1.88902 -0.796305 0.463621 0.727738 -0.0228438 0.708451 -0.126362 -0.844557 0.284826 -0.0158648 -0.304957
982 13.0861 11.9907 2.24334 0.524176 -0.402777 0.983052 -0.120448 0.2964 0.489502 0.674281 -0.141431 0.970697 0.19319
984 13.3337 13.0333 1.45722 -0.428851 -0.79993 -0.943686 -0.541451 0.495974 0.58049 0.0557716 0.479026 -0.539958 -0.647828
40 12.4459 12.762 2.44342 -0.350917 0.748619 0.178313 0.275542 0.518647 0.550843 0.58982 -0.474431 0.208758 -0.0588716
243 6.59285 10.3395 2.72345 0.959332 0.574005 0.839737 0.803005 0.901597 0.0974165 -0.0265338 0.510789 -0.836253 -0.368558
901 11.8147 12.4793 1.82008 -0.689133 0.431354 -0.921705 0.811348 0.789375 -0.388443 -0.702053 0.364163 -0.117969 -0.576232
361 12.6078 12.2315 2.53183 0.832951 0.706334 -0.326239 -0.493665 0.69202 0.593586 0.257783 0.348116 -0.949126 -0.0479393
376 7.40978 14.1483 0.806532 -0.688626 -0.858453 0.63331 -0.333017 0.641624 0.2139 0.307004 -0.069502 0.565506 -0.26387
502 6.82379 11.486 2.1777 0.298478 0.273232 -0.0210093 0.448418 0.836605 -0.0543368 -0.422476 -0.987725 0.21298 0.0862877
914 10.3998 12.7573 1.7599 0.256892 0.0570115 -0.0382076 0.387208 0.326019 0.443698 -0.646448 -0.0914069 0.202881 0.825958
718 8.94845 12.5857 0.10628 -0.435442 0.0465599 0.884214 0.511159 0.832645 0.828317 -0.506857 -0.670916 0.669136 0.472827
990 13.0856 11.9902 2.24314 0.626775 0.684412 0.858377 0.728922 -0.125648 0.253674 0.554018 -0.745404 0.741505 -0.747587
992 13.3331 13.0327 1.45708 0.417637 -0.692236 -0.207838 0.371439 0.942278 -0.581063 0.0558511 0.800654 -0.852141 0.930203
248 4.42212 13.7975 2.08987 0.0464324 0.78026 0.565266 0.218137 0.0724853 0.172607 -0.978717 -0.948666 -0.888042 0.317319
995 13.333 13.0326 1.45706 -0.949754 0.805714 0.564985 0.752124 0.990513 -0.639182 0.706414 -0.494721 -0.907374 -0.383232
156 9.69981 3.22112 2.77513 0.275465 0.551331 -0.69478 0.369597 -0.834865 0.96063 0.145526 -0.728911 -0.935632 -0.100276
176 12.5505 8.11387 1.62445 -0.736 0.835434 -0.133772 -0.0382378 0.376799 -0.447313 -0.910408 0.256382 0.704783 0.116574
591 8.76018 4.73051 2.16717 0.988993 -0.644176 0.621343 0.0971595 -0.440802 -0.269265 0.944689 0.218569 0.014178 -0.536388
578 9.46237 4.40035 1.42938 -0.0117552 -0.22775 -0.28538 0.229583 -0.744161 0.503275 0.0797361 -0.946488 -0.0893854 0.163092
599 12.2946 8.87753 1.32421 -0.415667 0.256981 0.6962 0.149527 0.053151 0.980456 -0.145336 -0.0911871 -0.117177 0.533821
622 3.18138 3.93678 0.212967 -0.437378 -0.970712 0.447469 -0.0850171 -0.976981 0.0142802 0.648431 0.90451 -0.222876 -0.669304
939 0.502542 14.1923 1.88681 -0.426205 -0.741321 0.567446 0.887447 0.205347 -0.923181 -0.730775 0.682368 0.137528 0.783253
972 0.733321 10.4507 2.42364 -0.703872 -0.52895 0.964815 -0.0106197 -0.990227 -0.556681 -0.75033 -0.302126 -0.698704 0.704034
806 -2.02973 12.5819 0.211099 0.8396 -0.0115108 -0.542699 0.0880128 -0.685314 -0.338185 0.367926 -0.372283 0.0861604 -0.0940711
963 0.733425 10.4506 2.42356 -0.0250311 -0.80992 -0.385503 0.413624 -0.890219 0.26532 0.938122 -0.916241 -0.188038 0.485644
240 5.14468 0.490328 0.256526 -0.530628 -0.612642 0.611599 0.810904 0.798053 0.720474 -0.521382 -0.721557 -0.992283 0.651193
506 4.08011 -0.311773 2.12152 0.0570979 0.298157 -0.0329808 -0.586699 -0.951868 -0.636283 -0.695073 -0.596589 0.738513 0.521662
971 4.0781 2.45738 0.0694556 0.683682 -0.00590533 0.276129 -0.692478 0.992478 -0.0830001 0.349253 0.969964 0.785632 -0.163421
979 1.98049 5.12227 0.169849 0.0400809 0.470501 -0.1505 0.457585 0.206553 0.357194 -0.551792 -0.154997 0.624475 -0.290177
495 2.33747 3.56439 1.30344 0.230124 0.670537 -0.112265 0.448592 -0.477599 -0.655942 0.987854 -0.599509 -0.0770482 0.11251
68 4.09222 6.4736 0.239123 0.157625 0.343682 -0.941048 0.511891 0.199413 -0.721998 -0.712117 -0.608204 0.554821 0.688563
881 5.02346 0.497498 1.21865 0.319909 0.615612 0.414649 0.612549 0.380785 -0.802948 0.206118 -0.782346 -0.422539 -0.567341
31 6.96905 -7.10659 0.8916 -0.391429 0.777447 -0.0468307 -0.66036 0.219458 0.0514942 0.237851 0.192392 -0.532688 0.659617
832 5.20293 -2.43857 1.20916 0.669425 0.965574 -0.356171 0.665518 0.723327 -0.508353 -0.688937 0.802059 -0.798718 -0.868311
929 4.07915 2.45889 0.0694213 -0.855068 -0.290085 -0.258897 0.212723 0.231102 0.707033 0.083084 -0.194724 0.0889554 0.197064
181 4.79769 -3.1079 0.10577 0.795082 0.56119 -0.191728 -0.160681 -0.132625 0.814568 0.000130057 0.951868 0.616358 -0.296297
843 6.25338 -4.13225 2.74069 -0.425756 -0.181035 -0.101826 0.457224 0.129919 -0.946841 0.368164 0.221809 0.972445 0.990132
854 4.97863 4.49487 2.60339 0.630696 0.140317 0.396989 -0.766425 -0.113419 0.991225 -0.0418938 -0.124469 0.244966 0.945166
346 3.12649 1.72189 2.76316 -0.538912 0.939179 -0.0289906 -0.78009 -0.168884 0.503105 -0.0277033 0.939853 0.817772 -0.16483
406 4.84253 -0.0968523 0.770761 -0.18036 0.902858 -0.698931 -0.527335 -0.859498 0.259721 -0.455544 0.330989 0.845752 0.382735
544 5.97208 5.16164 0.01526 -0.117144 -0.295213 0.686816 -0.137568 -0.727208 0.987 -0.935279 0.338009 -0.434102 -0.0289121
285 4.66642 -0.703394 2.96027 -0.529223 -0.165898 -0.52311 0.99705 0.954455 0.795794 0.301849 0.604161 -0.386456 0.416842
303 5.55355 -5.03997 0.868781 0.148815 -0.810304 -0.581444 -0.931634 -0.092654 0.538602 -0.43365 -0.0860901 -0.0283009 -0.388461
321 -0.774568 9.34498 0.696223 0.121663 -0.697701 -0.0107318 -0.948717 0.957559 0.0248443 0.294227 0.556386 0.789302 0.578873
405 -1.8717 8.42549 1.07461 -0.133339 -0.957614 0.861787 0.68244 -0.169727 0.0519526 0.349148 0.320996 0.499283 0.749431
491 4.08051 -0.310616 2.12121 -0.818872 0.828541 -0.317489 0.568303 -0.477678 -0.14722 0.545934 -0.295492 -0.263617 0.721796
499 5.97207 5.16161 0.0152539 0.87236 -0.425417 0.371344 -0.623066 0.15561 -0.0930542 -0.0853708 -0.210316 0.693174 0.295134
596 1.64933 4.6166 0.0620779 0.054528 -0.489826 0.452922 0.133857 -0.0457281 -0.424836 0.676797 0.0767392 0.583197 0.904953
752 -2.10458 7.25748 2.05427 0.810964 0.806817 -0.52067 -0.19685 -0.155989 0.0863359 0.329478 -0.641484 -0.660876 -0.46709
805 -0.31892 8.33393 1.10908 0.358625 0.773204 0.533827 -0.189146 -0.85142 0.77479 -0.201936 0.898915 -0.785281 0.228532
937 4.07945 2.45945 0.0693921 -0.490627 -0.618222 -0.522979 0.0607089 0.514029 -0.241998 0.143917 -0.239433 -0.278874 0.510661
63 4.91963 0.879528 1.11723 0.200984 -0.740048 -0.83747 -0.244006 -0.726088 0.319755 -0.771082 0.761366 0.164899 -0.578274
175 4.39723 0.678275 0.91194 -0.380037 0.560814 0.27381 -0.588382 0.719375 0.71826 0.91756 0.944117 0.575466 0.129261
208 -3.53912 8.22829 2.79345 -0.931239 -0.288167 -0.892933 -0.112806 -0.270413 0.814619 0.933737 -0.626856 0.735955 -0.82676
387 -2.83918 7.30346 1.28167 0.697444 -0.710744 0.545737 0.955667 -0.757362 -0.184818 0.0458717 -0.953967 0.629629 0.681943
617 3.43892 0.741551 1.56955 0.0398898 -0.821094 0.262062 0.145971 -0.539264 -0.937461 -0.201109 0.309587 -0.812372 -0.618913
661 1.65073 4.61723 0.0620602 0.292211 -0.530569 0.41876 0.403501 0.106824 0.133905 -0.912969 -0.746562 0.226235 0.414595
109 2.79869 1.35612 1.9351 -0.476233 0.886163 -0.826808 -0.415585 0.49846 -0.0518749 0.721174 0.609281 0.0167388 0.270492
138 1.45478 2.84054 1.34662 -0.390143 -0.723836 -0.429271 -0.600124 -0.489847 0.153106 0.546031 -0.798581 0.158351 -0.0793812
184 4.79786 -3.10687 0.1057 -0.245246 0.495884 -0.38984 0.0324059 -0.598306 -0.282545 0.0978761 -0.371891 -0.404303 0.351501
282 -0.0676942 2.36478 0.826764 -0.572019 0.326099 -0.915139 0.45962 -0.759598 -0.157117 -0.397203 0.794272 0.704207 0.282002
425 3.94895 -1.3047 2.18182 -0.439906 -0.372207 0.37385 -0.475829 -0.563808 -0.651901 -0.125317 -0.938749 0.893639 0.85237
644 3.43877 0.741165 1.56968 -0.507558 -0.116429 -0.559142 9.65595e-05 -0.172068 -0.776583 0.837145 -0.910866 0.876236 0.424918
794 -0.319329 8.33407 1.10916 -0.41409 0.438827 -0.325616 -0.642949 0.0342573 0.656161 0.470606 -0.49384 0.146997 0.493546
797 -1.39532 5.53084 0.572394 -0.721768 -0.669218 0.72027 0.0638728 -0.20832 -0.557752 -0.0664786 0.539931 -0.103922 -0.309206
856 5.02361 0.498123 1.2185 0.0172131 0.648521 0.409823 -0.612297 -0.543306 0.0405188 0.52802 0.853683 0.274094 -0.5854
880 4.84292 -0.505602 1.07575 -0.609299 -0.517972 -0.271535 0.65277 0.55341 -0.236703 -0.331228 0.593814 0.807924 0.644273
883 4.07945 2.45946 0.0693811 -0.228695 -0.253224 -0.72205 0.963305 0.265201 0.597859 0.578917 -0.32015 0.210408 -0.0402983
5 2.55427 4.69787 2.13379 0.0250708 0.335448 0.0632129 -0.921439 -0.124725 0.86367 0.86162 0.441905 -0.431413 0.477069
23 3.4394 4.26321 0.112017 0.819286 0.747958 -0.00371218 0.152399 -0.674487 -0.452178 0.729158 -0.0152023 -0.0726757 0.697884
48 -1.08818 9.78621 2.33302 -0.312317 -0.981853 0.847385 0.202853 0.541372 0.774394 0.866545 -0.653871 -0.104037 -0.0245586
78 2.95063 2.63482 1.21866 -0.899067 -0.81136 0.61871 0.758025 0.973287 0.0425216 -0.43144 -0.639727 -0.281507 -0.122019
123 3.76557 1.92537 1.22948 0.158988 -0.817372 -0.236476 0.356703 0.852729 0.688964 0.244428 -0.225978 0.367666 -0.607144
200 3.1266 1.72224 2.76301 -0.451329 -0.732726 0.657442 0.338354 0.232325 0.559229 -0.0807291 0.892786 0.990505 -0.0951923
251 -1.90384 5.52009 2.24147 0.0184095 -0.546839 0.171693 -0.825482 -0.419792 -0.108934 -0.483608 0.234773 -0.109934 0.34957
364 0.707407 3.74806 2.50729 0.103495 0.783474 0.664873 -0.621319 0.914055 -0.508061 -0.570094 -0.885257 0.098447 -0.0132022
382 1.1184 3.68722 1.0907 -0.709558 0.858046 0.959212 -0.935325 0.127749 0.552201 0.548729 -0.21869 0.247623 -0.168018
475 0.553391 0.323756 2.59853 -0.987413 0.0940299 0.0456605 0.576 -0.31394 -0.353489 -0.0984317 -0.0231833 -0.712915 -0.280432
508 0.577933 7.71902 0.141081 0.629978 0.602644 -0.204304 -0.123482 -0.763565 0.852794 -0.825324 0.203454 -0.733906 -0.777192
560 1.86446 -2.39788 1.44985 0.960599 0.47032 0.561018 0.790504 0.288759 0.434683 -0.732657 0.0516961 -0.461534 0.37053
568 1.64737 4.61593 0.0621142 -0.966459 -0.636573 0.978231 -0.647857 0.393729 0.538728 -0.966727 -0.821981 -0.738099 0.140824
695 2.14054 5.66188 2.39688 0.730801 -0.219155 0.356396 -0.432916 0.456782 -0.0325886 0.921129 0.039767 0.524536 0.812387
776 4.07947 2.45952 0.069374 0.907782 -0.113279 -0.162403 -0.535625 0.675651 -0.854089 0.385558 -0.426602 0.803272 -0.777114
92 1.66613 8.94159 0.650558 0.173073 0.751864 0.0296977 0.943636 0.307519 0.289024 0.969959 0.597412 -0.220667 0.0310637
111 2.95054 2.63465 1.2187 0.0644367 0.987055 -0.881673 -0.93987 -0.135097 -0.357907 0.946293 0.0380956 0.226508 0.444753
146 -0.740178 2.09245 2.18158 0.996284 -0.522253 -0.683368 0.131917 -0.660504 -0.148211 0.942095 -0.504629 0.0863297 -0.7352
186 -1.47496 2.04211 0.295319 -0.363999 -0.404756 0.318223 0.428182 0.88663 -0.927022 -0.0759333 -0.50321 0.105384 0.325761
216 -0.261769 1.76535 1.5599 -0.670692 -0.928305 0.853177 -0.802067 -0.557659 -0.862373 -0.336166 -0.248872 -0.00929081 0.853498
245 -2.83897 7.30348 1.2816 -0.616979 -0.39542 0.435901 -0.694166 -0.49356 0.395233 0.879839 -0.653823 0.198238 0.781436
262 2.68708 4.42781 2.27406 0.0617849 0.340304 -0.315476 -0.559083 0.948404 0.971187 -0.935924 -0.355861 0.405282 -0.384058
352 1.11791 3.68694 1.09085 0.557441 0.358546 0.410345 -0.735391 0.574247 0.676651 -0.634387 0.555139 -0.134072 0.830405
472 1.20496 -0.964342 2.09099 -0.886284 -0.0678324 0.644189 -0.224845 0.912111 0.0764376 0.709094 -0.695819 -0.0367732 -0.603001
529 0.795311 -1.7168 2.0508 0.454913 -0.382451 0.0703752 -0.313549 0.66055 -0.124931 -0.859773 0.795865 -0.171901 -0.379553
541 2.06076 0.251803 2.49576 0.363751 -0.810184 0.846111 -0.298946 -0.642631 0.692483 0.774198 -0.594429 -0.972962 0.256381
610 0.892873 2.87654 1.4338 -0.194921 -0.218076 0.733377 0.67318 0.437774 0.443849 0.659527 -0.617563 0.1623 -0.441298
691 2.14041 5.66187 2.39699 0.577675 0.98504 0.223746 -0.241459 -0.91154 0.0926845 0.297577 -0.406828 -0.930789 0.0247947
166 -0.739451 2.09297 2.1813 -0.621197 0.341204 -0.595347 -0.48131 -0.677013 0.267468 -0.71984 0.114963 0.160523 -0.653544
233 -0.913701 -1.04109 1.89313 -0.15632 -0.47994 0.154418 0.286783 0.326922 -0.187553 -0.928859 0.178678 -0.890651 0.370347
309 0.169809 11.9786 0.435573 -0.564283 0.97835 -0.967562 0.783635 -0.189399 0.164919 0.707343 0.575858 -0.217644 0.417289
514 0.579919 7.71819 0.141035 0.415944 -0.793552 -0.875854 -0.454529 -0.929115 -0.510046 0.606485 0.817317 0.142564 0.187172
607 -1.40442 5.53026 0.57325 0.857771 0.365062 -0.315899 0.110394 -0.381549 -0.394416 -0.410487 0.22923 0.941711 0.766937
726 -0.826742 -1.14585 2.94906 0.962113 0.510301 0.538267 -0.692595 0.265316 0.622516 -0.779403 -0.892818 -0.886755 -0.855216
350 0.169944 11.9784 0.43559 -0.733695 -0.898996 0.980892 0.189278 0.464792 0.838062 -0.725415 0.713372 0.0685886 0.618189
503 0.135777 8.94952 2.03967 0.29975 -0.0932432 0.709146 -0.997917 -0.167481 0.171158 -0.275397 0.646693 0.976389 -0.948383
720 -0.767263 14.821 2.2534 0.356614 -0.573021 0.445456 0.346258 -0.773101 -0.989985 -0.607182 -0.888886 0.521174 -0.774538
725 -2.10784 7.25826 2.05518 -0.767085 -0.762353 -0.734667 -0.921648 0.273257 0.394304 -0.850749 -0.751703 -0.462407 -0.225304
858 -1.36312 4.68566 0.161441 0.505766 0.228551 -0.159189 -0.116608 0.727327 0.858024 -0.468087 0.13715 -0.754273 -0.0113927
876 -0.687585 9.9032 2.67608 0.43138 -0.660551 0.898652 -0.217473 0.0395367 -0.977929 -0.961671 0.341561 0.88618 0.300928
888 2.14029 5.66185 2.3971 -0.673224 0.738515 0.465692 0.524957 0.393131 -0.896395 0.682839 0.924648 0.158043 0.0180768
894 2.2612 8.55065 2.20334 -0.247127 -0.567394 -0.00685626 0.735985 -0.63099 -0.692812 0.841444 -0.346896 -0.980197 -0.879196
944 0.503488 14.1927 1.88724 0.541749 -0.497136 -0.277354 -0.555318 0.689805 -0.0480154 0.130868 0.317116 0.462769 -0.639126
958 1.97384 5.11991 0.170033 -0.460583 -0.887011 -0.803478 -0.215128 0.0572398 -0.342544 -0.192652 -0.238265 0.445713 -0.914156
88 1.66572 8.94201 0.650664 -0.242402 0.00367069 0.388182 -0.964005 0.300131 0.23894 0.387384 0.0402366 0.790707 -0.51717
331 -1.92672 13.2882 0.864271 -0.372921 -0.232389 -0.275591 0.142657 -0.0831489 0.918033 0.855599 -0.554373 0.771446 0.860145
539 1.04381 4.45836 1.14169 0.846372 0.0731449 -0.951799 -0.665444 0.482183 -0.334989 0.952538 -0.688376 0.229602 0.222713
750 -0.767284 14.8211 2.25344 -0.392994 -0.473673 0.514505 0.252788 0.203432 0.547629 -0.653064 0.753707 0.678124 -0.193348
916 -2.97069 -2.45435 1.299 -0.354016 0.235827 0.240315 -0.389806 -0.68944 -0.502793 0.667206 0.272352 0.884415 -0.00677508
962 1.88557 11.1535 2.50778 -0.204616 -0.266026 0.881517 -0.779395 -0.809792 -0.0563513 -0.4894 -0.502774 -0.0686135 -0.138268
967 0.732072 10.4517 2.42426 0.209924 -0.0803279 0.416948 0.951345 0.10881 0.319688 0.554498 -0.358391 -0.745459 -0.432962
555 1.044 4.45848 1.14163 0.285991 0.349291 0.311155 -0.969561 -0.0395061 -0.483023 0.00421429 -0.177247 0.7546 -0.353065
577 -1.272 4.25459 1.02797 0.332789 -0.971058 0.532263 0.699824 -0.773615 -0.450667 0.779397 0.704055 -0.455899 0.571954
767 -0.22556 12.2047 1.58847 -0.0507417 0.0629897 -0.140034 -0.705772 0.365263 -0.117902 0.119116 -0.0719858 0.324207 0.721518
820 -1.40413 5.53031 0.573297 -0.703679 0.0281582 0.717622 -0.469453 0.493584 -0.27851 -0.353201 -0.418663 0.327913 -0.0937847
80 -4.03404 3.45807 0.106897 0.0646838 0.490017 0.940084 0.917507 -0.822943 -0.958983 -0.893853 0.795766 0.799042 -0.920566
631 0.577141 7.71945 0.141159 -0.806835 0.0299248 -0.664679 -0.036965 0.357343 -0.0920386 -0.261044 0.00946772 -0.00154781 -0.302784
689 -4.33825 -0.0912442 0.114092 0.868939 -0.460964 -0.495288 -0.0234739 0.727218 0.140046 -0.762902 -0.280592 0.901549 0.901555
769 -4.81586 -0.758993 1.46675 -0.917059 0.713679 -0.601605 -0.289701 -0.308414 0.347654 0.773289 0.551553 0.641881 0.138551
322 -4.62486 -0.388658 0.692152 -0.263404 -0.14825 0.480009 -0.741038 0.941419 -0.638511 0.91755 0.927547 0.339667 0.504161
863 -1.36266 4.68586 0.161436 -0.246518 0.316082 -0.100492 0.422176 -0.0457827 0.996911 0.0794767 -0.229979 -0.131938 0.579069
101 1.66561 8.94219 0.65072 0.635494 -0.212144 0.384975 -0.709254 -0.240251 0.877927 -0.319359 0.0152342 -0.919826 0.850637
209 0.590962 9.5162 1.44387 -0.235087 0.168843 -0.333567 0.358574 -0.872818 -0.289226 0.620533 -0.873514 -0.323148 -0.65723
307 -4.62444 -0.388296 0.692114 0.132482 0.923708 -0.234744 0.617437 0.709946 0.873712 -0.0876971 -0.5025 -0.86008 0.484195
494 0.13524 8.95001 2.03992 0.396331 -0.104749 -0.3101 -0.992008 0.0754272 -0.817457 0.520626 0.349663 -0.231249 -0.966879
559 -0.0632124 5.25543 0.992902 -0.497022 0.997659 0.997812 -0.651028 -0.169602 0.75354 0.548933 -0.660342 -0.560559 0.839866
848 0.988521 8.90917 1.88314 -0.448504 -0.219278 -0.879021 0.853582 0.866955 0.583886 0.1458 0.268771 0.719061 0.221772
