6 2.64409 -2.98405 -1060.66 -0.668052 -0.119791 0.76015 0.658402 -0.339326 -0.542064 0.786745 -0.29928 0.37334 0.912936
14 1.47294 -0.96963 -1058.01 -0.80072 0.0616159 0.514588 -0.39141 0.984457 0.153942 0.755228 0.495619 0.25782 -0.929158
15 4.72931 6.81266 -2401.52 0.746543 0.662075 0.958868 0.487622 0.806733 0.967191 0.333761 -0.00548297 -0.672064 0.660024
17 2.85976 0.218478 -2661.86 -0.439916 0.0922137 0.438537 -0.773439 -0.0570331 0.18508 0.888636 -0.0981649 -0.327298 0.695369
35 4.52892 -4.89815 -845.025 0.104633 0.839182 0.371973 0.619571 0.395696 -0.376099 0.291778 -0.98799 0.0659196 0.687819
36 2.22749 2.91726 -104.544 -0.198582 -0.275691 0.437734 0.603793 0.355625 -0.694248 -0.934215 -0.872879 0.371444 -0.624767
38 2.90186 -3.81862 -2173.8 -0.62747 -0.685722 0.00692201 0.657915 0.351308 0.80834 -0.617777 -0.210957 0.412133 0.737848
42 3.82218 0.371042 -1877.67 0.0300982 -0.774704 -0.02038 0.0206981 -0.903001 0.628703 -0.230683 0.275313 -0.0957552 -0.712036
44 2.65927 1.98889 -1566.18 -0.560424 0.260486 0.847025 0.475877 -0.0742955 -0.122876 0.701173 0.905324 0.897822 0.798172
45 3.06582 4.08449 -973.249 -0.561728 -0.0448976 0.899641 -0.0676628 0.768636 0.934554 -0.632469 -0.083922 0.560448 0.532895
53 4.82084 -4.13198 -1746.96 0.778687 0.293424 -0.317035 -0.899664 0.533402 0.60666 0.397426 0.363843 0.808374 -0.374121
54 4.37371 -5.61772 -1331.48 -0.621873 0.182221 -0.893121 -0.797092 -0.68545 -0.511703 -0.727659 0.178237 -0.883895 0.779106
56 2.74392 -1.15851 -1304.17 0.26717 0.0763506 -0.966699 0.863036 -0.304908 -0.588572 0.0452573 -0.198029 -0.385663 0.359807
57 4.51673 -3.19098 -790.94 0.406373 -0.334216 -0.570952 0.518417 -0.483777 0.367148 -0.967645 0.690246 0.704822 0.201525
59 4.91257 5.67316 -2783.35 -0.912169 -0.952274 -0.989848 -0.0254917 -0.414229 0.416525 0.640292 0.0148191 -0.0650582 -0.843484
61 3.19157 0.590401 -1059.23 0.157225 0.472924 0.487454 0.845144 -0.807192 0.575285 0.89287 -0.797039 -0.450207 -0.521358
64 4.48798 -6.46011 -941.187 0.886444 0.536411 -0.755827 -0.92347 0.0298719 -0.2014 -0.576869 -0.0947003 -0.679676 -0.383506
69 4.22788 -3.05704 -2100.85 -0.374021 -0.788847 0.776866 -0.795533 -0.0404457 -0.459359 -0.600552 -0.424527 0.315286 0.894002
84 3.32746 4.57897 -201.05 -0.429702 0.105475 0.35051 0.915419 0.248119 0.275612 -0.134254 -0.982863 0.992083 -0.272545
89 3.64515 5.49546 -151.486 0.576463 -0.646687 -0.349646 -0.331968 0.275812 -0.635994 -0.512945 -0.950849 -0.723773 -0.164673
106 1.81174 0.917647 -1835.81 -0.209368 0.978966 0.0665052 -0.121585 0.435557 0.159531 -0.183166 -0.9717 0.497884 -0.109531
110 2.32917 2.11423 -840.738 0.852588 0.948997 -0.608924 -0.319949 0.0753195 -0.711507 -0.573756 0.585132 0.723517 0.226092
113 4.82788 1.24812 -2244.1 -0.0290799 -0.567086 0.587757 -0.891572 0.525357 -0.347806 -0.904516 0.643684 -0.287676 -0.0396132
115 2.36594 -2.52239 -735.972 -0.713552 -0.760832 0.452289 0.493271 -0.0586519 -0.576791 0.926184 -0.470895 -0.468363 0.451542
119 4.96081 2.23565 -1891.2 -0.39555 -0.433723 0.819057 -0.364152 0.784636 0.457805 0.913222 -0.491135 -0.781326 0.395482
120 4.62911 7.07618 -2272.12 -0.976509 0.160097 0.687787 -0.546377 0.630587 0.577181 -0.664703 0.282376 -0.906305 0.312197
130 1.90993 1.79684 -1155.61 0.785443 0.260849 0.01511 0.994105 0.497101 -0.288984 0.96396 -0.910018 -0.472767 -0.530971
132 4.35844 4.3223 -2177.87 0.231871 -0.929972 -0.924136 -0.07587 -0.734885 0.861307 -0.815021 0.280225 0.855412 0.68208
134 2.16024 2.19629 -2547.77 -0.320536 0.102604 0.432494 0.855246 0.693223 -0.335636 0.925274 0.769087 0.588494 -0.809611
140 4.69636 -5.63973 -2761.71 -0.484123 -0.101959 0.631811 0.100988 0.821452 -0.758332 0.377152 -0.607818 -0.358456 0.887305
148 4.13796 6.46011 -88.7404 -0.109843 -0.26309 -0.199704 0.541194 -0.0732437 -0.203421 -0.98106 0.243388 0.928497 -0.641563
152 2.83931 3.42571 -2205.93 0.0574107 0.463877 -0.622497 -0.587906 0.931765 -0.52355 -0.0997668 0.629589 0.790249 0.290906
157 1.39108 1.1502 -944.5 0.00991201 0.131362 0.639576 0.485604 -0.73967 -0.962024 0.252202 0.606869 -0.722665 0.500674
158 4.63797 5.5282 -2371.73 0.488299 0.432182 0.321931 -0.322143 -0.115444 -0.402603 -0.770812 0.189775 0.966994 -0.605677
159 1.06753 0.532837 -1312.04 0.214773 -0.987756 -0.900134 -0.153244 0.0436689 0.109778 0.978118 -0.316755 -0.404618 -0.761552
161 2.44058 1.30922 -1165.9 0.453149 0.935137 -0.00940692 -0.434331 -0.399451 -0.794634 -0.422087 -0.299585 0.0521224 0.621582
165 4.7721 3.47359 -97.9165 0.475223 -0.779634 0.428466 0.599356 -0.722633 0.633335 -0.626099 0.820523 0.379017 -0.0113657
169 2.85208 0.452146 -864.207 -0.580536 0.47454 0.725557 -0.258271 -0.0866607 0.488779 0.339743 0.469085 -0.695875 -0.527021
170 3.1153 -2.15035 -98.6836 0.130379 -0.347084 0.229718 0.134605 0.786518 -0.196228 -0.872535 0.736948 0.437662 0.714286
179 3.11716 0.406055 -2262.57 0.00629616 -0.839189 0.0844932 0.801791 0.703573 0.366906 -0.338707 -0.797893 -0.21148 0.787819
198 4.3392 -1.84676 -1056.79 0.901787 0.580917 -0.33954 -0.568724 0.985537 -0.796094 0.896412 -0.939148 -0.705186 0.321051
202 3.33791 0.323298 -241.831 -0.551324 -0.194272 0.248272 0.341975 0.134538 0.796943 0.609249 -0.20802 0.135297 -0.158426
259 3.77781 -2.23766 -1903.39 0.193008 0.666363 0.0927851 0.475111 -0.423348 0.0427716 -0.72605 0.435016 -0.882414 -0.588014
261 4.27333 -0.644507 -1581.78 0.866622 0.43434 0.98625 -0.314005 -0.191358 0.179258 -0.647641 0.901427 -0.345632 -0.0709891
280 2.32733 -1.02112 -2385.51 -0.241978 0.143178 0.553871 -0.138676 -0.320796 -0.377717 0.822066 0.838351 -0.0976505 0.778525
286 1.30534 -0.822435 -797.099 -0.760072 -0.486215 -0.436706 -0.224026 0.050745 0.34627 0.881768 -0.887554 -0.954168 0.720592
290 4.28413 7.10077 -2582.3 -0.672914 0.829044 -0.769119 -0.49239 -0.674706 0.514999 -0.895023 -0.781311 0.580249 -0.971832
296 3.02804 -0.498034 -2809.83 -0.00636399 -0.584575 -0.36393 0.304101 -0.193619 0.603205 -0.665466 0.968772 0.0340513 -0.348282
301 3.32064 3.08101 -745.148 0.120047 -0.502016 -0.993436 0.433097 -0.95481 -0.670471 -0.602135 0.494314 -0.733372 0.0666969
310 4.62817 -1.49152 -1965.5 0.589489 0.178854 -0.651341 -0.814686 0.653497 -0.212735 -0.855611 -0.342811 0.796955 -0.619376
313 3.09505 -0.71946 -1849.79 0.116608 0.331907 0.15694 0.105878 0.469364 0.693325 -0.42406 -0.605678 -0.0889612 0.407338
315 4.34343 2.06704 -821.791 -0.843146 -0.360448 -0.944335 0.108137 -0.365138 0.172273 -0.559957 0.791802 -0.721849 0.909408
316 3.60713 -3.47788 -823.194 -0.603834 -0.738571 -0.941274 -0.496732 -0.467398 -0.0419701 -0.382965 -0.167471 -0.291014 -0.686677
319 4.25409 4.16986 -418.236 -0.964424 0.242944 0.598827 -0.235542 -0.715353 0.159202 0.696964 -0.32369 -0.978992 0.365484
325 3.73901 1.43632 -1534.97 -0.204606 -0.293611 -0.620574 0.119343 0.210311 -0.342854 -0.26259 -0.476689 -0.585566 -0.981845
327 2.02473 1.16923 -2622.57 -0.335786 -0.976615 -0.252671 0.866443 0.314528 0.542723 -0.427168 0.693954 -0.337934 0.783143
343 3.86614 -6.58804 -1411.83 -0.0194843 -0.958109 -0.362872 -0.836531 -0.210987 -0.0851599 0.281379 -0.904037 0.576295 -0.434178
353 4.62637 2.53687 -2427.08 -0.53821 -0.241297 0.966817 -0.299916 -0.308494 0.319435 -0.0608006 -0.557971 -0.426072 0.118989
367 2.38194 -1.19681 -405.399 -0.685628 -0.898822 0.895947 -0.43948 -0.480146 0.686717 -0.338598 -0.0455099 -0.557105 -0.786587
374 4.7993 7.99631 -380.343 0.580589 -0.359979 0.288874 -0.648393 0.429126 -0.914091 -0.760813 -0.59036 -0.447415 -0.802178
396 4.28625 -6.23577 -2138.42 0.246289 -0.734244 0.857687 0.711649 -0.396586 -0.335372 -0.788246 -0.406796 0.361242 0.623127
398 4.27957 -5.14365 -2438.91 -0.831256 0.884638 -0.658704 0.416883 -0.97504 0.587585 0.682639 0.882647 0.299235 -0.713947
411 3.14249 -0.0807205 -730.301 0.464326 0.927597 0.861715 0.970264 0.403908 -0.56554 0.858937 -0.298863 -0.827988 -0.041285
444 4.34965 6.33247 -2606.94 0.584338 -0.92837 0.463901 -0.637274 0.00922883 -0.72887 0.968973 0.315595 -0.107216 0.540424
446 3.94955 -5.615 -1849.36 0.525824 -0.750104 0.58581 0.915839 -0.992607 0.170148 0.987469 0.471293 0.532874 -0.00330192
448 3.11534 -2.3406 -2814.17 0.851063 -0.435679 -0.809644 -0.65209 -0.29962 0.71618 -0.402194 -0.71381 0.632019 -0.394802
449 3.92254 -5.57639 -2128.55 -0.0107875 -0.383813 0.818915 -0.508941 -0.0715201 -0.545878 0.53333 -0.0153535 -0.329715 -0.215624
452 2.56142 -0.911574 -2070.11 -0.914817 0.23517 -0.214989 0.696266 0.567056 -0.777128 -0.0773502 0.23045 -0.347165 -0.109672
463 4.9646 -6.98229 -554.281 0.555612 -0.0635031 -0.323061 0.546593 -0.80524 0.271691 0.951359 -0.810283 -0.756589 0.0700127
468 4.65966 7.29159 -2263.24 0.493325 -0.286603 -0.492875 0.52588 0.16197 0.503695 -0.371551 -0.269725 -0.823443 -0.330788
469 2.05894 -0.109843 -2545.35 -0.0936731 -0.83534 0.944794 0.955683 -0.127341 -0.466801 -0.79611 0.778958 0.193467 -0.89758
481 3.05347 -2.51584 -1362.03 -0.883443 -0.844865 0.374837 -0.562485 -0.300504 0.0849587 -0.188523 -0.837117 -0.426183 0.211366
482 4.74532 -7.3737 -1987.66 0.507578 0.399546 0.24959 0.179945 -0.361838 -0.523488 0.236396 -0.244324 0.268875 -0.346252
487 2.64657 -0.227975 -2012.67 -0.831057 0.991676 -0.717482 -0.914122 0.0256946 0.635679 -0.34344 -0.901112 0.335089 -0.1979
516 3.87543 3.53583 -13.0732 0.163052 -0.589119 -0.796219 -0.826087 -0.149007 0.619725 -0.619639 -0.0248603 -0.834804 -0.548754
519 4.70112 -0.336212 -266.091 0.384653 0.440501 0.56344 0.156334 0.709064 -0.828902 -0.884813 0.884342 -0.333832 0.469616
532 3.39273 4.2385 -1971.2 -0.849612 0.374344 0.802779 0.84319 0.718721 0.747208 0.211618 -0.477605 0.935741 -0.463259
540 4.02551 -2.3524 -1898.57 0.957021 0.561908 0.706874 -0.506401 -0.320754 0.965153 0.376592 0.89748 -0.924852 0.347951
571 2.63033 -4.02935 -542.811 0.801076 0.787821 0.290315 0.63747 0.280045 -0.695697 0.927979 -0.375611 0.535947 -0.284564
573 2.37901 2.08664 -511 0.893951 -0.240427 0.252159 -0.459052 -0.280533 0.0532347 -0.67123 -0.990219 -0.309295 0.608814
581 2.12159 2.37275 -478.806 -0.682051 -0.490977 -0.294158 0.970024 -0.958249 -0.130992 -0.135839 -0.769444 0.882317 -0.136955
588 2.96655 -3.18974 -833.223 -0.248526 0.0802202 -0.411392 -0.617169 0.572425 0.607324 -0.572037 0.31277 -0.173838 0.117428
603 2.22856 0.495068 -1488.76 0.99532 0.590263 0.711488 0.269044 -0.808145 0.399902 -0.867165 0.794583 -0.559657 0.663432
629 4.59145 -7.22367 -74.2427 -0.427359 0.775921 0.652124 -0.909509 0.958261 -0.279309 0.999391 -0.668829 0.181551 -0.796148
639 4.37302 -0.96128 -1054.82 -0.779996 0.813062 -0.357626 -0.359384 0.784124 0.647352 -0.0206546 -0.820658 0.0840378 -0.670606
646 4.48146 -2.18517 -1212.65 -0.336279 0.631708 0.785692 0.782272 0.374045 -0.721866 -0.334157 0.814903 0.278231 0.493775
655 3.88717 -1.99783 -784.976 -0.1118 0.694693 0.456766 -0.5967 -0.577949 -0.451614 -0.955974 -0.687135 -0.853858 0.842232
658 4.54145 4.86327 -1931.68 0.372091 0.0743567 -0.0935449 -0.313566 0.182262 0.992905 0.618629 0.611527 -0.794545 0.53586
664 4.21946 -5.18562 -416.249 -0.460469 -0.897424 0.301542 0.897874 -0.258667 -0.357734 -0.390877 0.389051 -0.177514 0.350839
667 4.30763 -6.64202 -771.149 -0.940505 -0.600729 -0.238767 -0.580786 0.748244 -0.73098 -0.496437 0.723859 0.554307 0.406393
673 4.60206 -0.727134 -453.188 -0.470702 0.677374 -0.0404829 -0.263984 0.563969 0.0136186 0.394646 -0.505373 -0.414367 0.0999312
681 2.08203 -0.529199 -1157.46 -0.274985 0.572889 0.186375 0.444509 -0.758508 0.172914 -0.800205 0.427282 -0.126281 -0.855589
697 4.43028 -6.46978 -1832.09 0.171102 -0.768509 -0.490057 0.945664 0.498485 -0.759256 -0.273491 -0.145119 -0.192172 -0.816709
709 4.16426 2.53919 -920.77 0.937153 -0.879094 -0.981195 -0.979103 0.494458 0.812171 0.773809 0.502087 0.177656 -0.485632
717 2.84399 -1.35976 -2530.56 0.973209 0.656893 -0.909723 -0.257887 -0.357633 -0.704345 -0.648674 0.72541 -0.382137 0.659432
731 2.60352 -3.2454 -897.188 -0.315732 0.371601 0.340217 -0.853689 -0.642385 0.94112 0.753138 0.795748 0.562694 -0.821316
743 4.39164 1.36941 -2801.35 0.153459 -0.567799 0.871945 0.288267 0.695705 -0.269794 -0.458443 -0.0827979 -0.246913 -0.438148
771 4.67946 3.08782 -243.435 0.212909 -0.414764 0.782519 0.959326 -0.637233 0.865461 0.673005 -0.238837 -0.42424 -0.635409
777 2.86978 0.247338 -715.53 -0.618019 0.647359 -0.295216 -0.46367 0.597632 -0.260034 -0.304197 0.560956 -0.0307597 0.0843846
791 4.06792 6.69797 -1294.5 0.699802 -0.618759 -0.797212 -0.591083 0.974358 -0.469598 0.424114 0.590978 0.506498 -0.446266
804 2.03933 2.67892 -201.511 -0.795487 -0.720086 -0.686969 -0.575654 0.538002 0.703765 -0.111635 0.464928 -0.56808 0.136501
815 3.37851 -1.69095 -1146.77 0.101442 -0.220784 0.970955 -0.306813 0.708938 0.611461 -0.380323 -0.615484 0.794105 0.882025
821 4.06208 -2.85426 -2600.9 0.397959 0.311063 -0.637894 -0.933105 0.925535 -0.174256 0.488085 -0.817715 -0.415788 0.428571
837 4.07059 2.0257 -1847.77 -0.096301 -0.22972 -0.509116 -0.342164 -0.79133 0.175313 -0.456338 -0.375722 -0.831941 -0.453364
846 3.34419 -4.24382 -1268.18 0.462907 0.292218 0.401816 -0.864825 -0.924028 -0.0529982 -0.704459 -0.271302 -0.372097 0.223167
867 3.22907 3.07718 -2471.54 0.998324 0.105745 0.0862737 0.594672 -0.449394 -0.0394911 -0.7548 -0.387831 0.649842 -0.0564423
868 2.96891 2.83431 -1394.31 0.664433 -0.385111 -0.8638 -0.0188704 -0.655458 -0.400961 0.876895 -0.888216 -0.0105632 0.538519
878 2.85408 -4.55872 -346.438 -0.965168 0.0160025 -0.959596 0.0446268 -0.0244993 0.471784 0.384076 -0.125848 -0.745689 -0.576388
882 1.4914 0.692974 -1351.62 -0.460616 0.960591 -0.609741 0.583099 0.471618 -0.21904 -0.934873 -0.799917 -0.56627 0.618537
885 3.72825 1.31602 -1181.06 0.860286 -0.660656 -0.115345 -0.0372115 0.551696 0.655959 0.709564 0.829646 0.619264 -0.0252347
886 4.52382 1.39576 -977.21 -0.362087 -0.842118 -0.468483 0.0544382 0.335238 0.985881 0.903623 0.868435 -0.725138 -0.841041
903 3.25978 0.328238 -1155.56 0.803224 0.547991 0.978295 0.786134 -0.0112064 -0.710838 0.217488 0.0670888 -0.89949 0.00686336
905 3.1434 -0.361956 -1020.13 -0.96694 0.123211 0.476778 -0.382044 0.674013 0.280002 -0.834053 0.652308 0.0661361 0.15474
910 1.73458 1.9783 -2404.32 -0.931117 0.63372 0.456095 -0.00985324 0.642471 0.472266 0.0661508 0.592692 0.77206 0.363984
918 2.64483 1.67673 -64.1258 -0.835121 0.169259 0.57995 0.177405 -0.359777 -0.774065 -0.586768 0.880537 -0.163871 -0.276208
3 2.64414 -2.9841 -1060.68 -0.199543 0.783059 -0.433371 -0.295083 0.615449 0.838053 -0.860489 0.898654 0.0519907 -0.827888
141 4.69636 -5.63974 -2761.7 -0.296361 0.108194 -0.339128 -0.0301611 -0.164106 0.458997 -0.962888 -0.96496 -0.591629 0.674544
206 3.33793 0.3233 -241.835 0.707552 0.0465425 0.643557 0.921335 -0.760497 -0.668131 0.71857 -0.23866 -0.9401 0.714319
533 3.87568 3.53607 -13.0735 -0.689763 -0.197455 0.600062 -0.265944 -0.730354 -0.73325 0.596232 -0.258049 0.675264 -0.0269231
898 1.49143 0.692994 -1351.65 0.813511 -0.610904 0.266864 0.0363978 0.0707968 -0.301128 0.532009 -0.522292 -0.116626 0.448443
920 3.25972 0.32824 -1155.53 -0.9033 0.696812 -0.3423 -0.349221 -0.425908 -0.177421 0.820038 -0.845958 0.999984 -0.53974
927 3.14274 -0.361871 -1019.89 -0.03407 0.870361 0.574175 0.381922 -0.88602 0.373035 -0.0171531 -0.378772 0.737805 0.922747
928 2.645 1.67685 -64.1349 -0.160221 0.886654 -0.824488 -0.898695 -0.269928 -0.576077 -0.690181 -0.360302 -0.457166 0.310668
174 2.85249 0.452233 -864.344 0.686459 0.12783 0.879583 0.152096 0.0269817 -0.478074 0.0907115 -0.573812 -0.495895 -0.935992
252 4.96832 -6.20078 -1323.76 -0.424992 -0.0293251 0.689334 -0.153581 0.97247 0.884776 -0.106675 -0.17754 -0.920958 0.0619036
509 3.05351 -2.51588 -1362.04 0.305684 -0.907316 -0.316612 0.692226 0.810072 0.842731 -0.436599 -0.33115 -0.318227 0.931486
521 5.15115 -3.6087 -2709.83 -0.820211 -0.330187 0.6289 0.169044 -0.231841 0.0135528 -0.390455 -0.668401 -0.830113 -0.681391
892 5.00146 2.98174 -1005.02 0.314044 -0.894541 -0.715906 0.712615 -0.72064 0.685969 -0.680273 0.160772 0.851594 -0.0349736
935 2.64488 1.67675 -64.131 -0.719019 -0.916792 0.246538 0.963125 -0.633256 0.512292 0.306858 0.825865 -0.760669 -0.0481229
49 4.82047 -4.13167 -1746.84 -0.689327 -0.414222 0.764408 -0.267944 0.798863 0.495275 -0.0483887 -0.454026 0.893281 -0.755348
273 3.77747 -2.23742 -1903.21 0.668423 -0.520536 -0.558654 0.294066 -0.839669 -0.801367 -0.217189 -0.861724 0.908735 0.104774
866 4.06198 -2.85417 -2600.81 -0.537161 -0.104235 0.767242 -0.609602 0.661625 -0.24364 -0.144066 0.391348 -0.441663 0.917017
911 4.52526 1.39623 -977.523 -0.982471 -0.385862 -0.778247 0.712827 -0.926006 -0.086434 -0.979104 -0.148568 0.487541 0.0928016
926 3.26006 0.328292 -1155.65 -0.751589 -0.791486 0.909627 -0.881089 0.00084877 -0.543338 -0.396211 -0.730343 0.0485721 0.563291
62 3.19226 0.590558 -1059.48 -0.445573 -0.653399 0.875428 0.521724 -0.806637 0.962217 0.690546 -0.316921 0.384927 -0.0869716
75 2.32914 2.1142 -840.725 -0.649174 -0.910541 0.919433 0.550115 -0.774071 0.72253 -0.585487 0.988392 0.0722291 0.335817
82 4.82837 1.24826 -2244.31 0.925102 -0.0496722 -0.230982 -0.283529 0.861709 0.833702 -0.793513 0.801793 0.751209 -0.616456
373 3.14286 -0.0807203 -730.411 -0.435928 0.828931 -0.0142737 -0.339049 0.42988 0.542055 -0.0487353 0.727505 -0.320059 -0.841002
403 4.9648 -6.98263 -554.274 0.190165 0.666708 -0.509278 -0.55267 -0.599717 0.492793 0.990549 0.681135 -0.994149 -0.586974
498 2.64665 -0.227967 -2012.73 -0.464751 0.413155 0.839367 0.865636 -0.667168 0.926598 -0.874221 0.912457 0.187283 -0.979814
723 4.67929 3.08767 -243.428 0.128971 -0.929101 -0.02496 0.143289 -0.374555 -0.416394 -0.369567 0.71795 0.13021 -0.657725
872 5.59215 3.70335 -1587.05 0.428111 0.847718 0.069445 0.499486 -0.433084 0.781935 -0.485582 -0.286674 -0.850318 -0.929226
71 5.9054 3.07657 -1058.71 0.180814 0.235164 0.527528 0.548865 -0.431421 -0.846493 0.760017 -0.654556 -0.642027 -0.280428
135 4.69664 -5.64013 -2761.9 0.485805 0.455553 0.461855 0.305176 0.227615 0.980329 0.593576 0.406832 0.35542 0.691053
204 4.33878 -1.84654 -1056.69 -0.311689 0.797234 -0.478163 0.728032 0.995749 -0.0294869 -0.46624 0.244021 -0.687512 0.668298
276 3.02796 -0.498004 -2809.75 0.531855 -0.683572 0.0752114 -0.0770754 0.254499 -0.0478764 0.292591 -0.635768 -0.449296 0.73695
768 4.39132 1.36935 -2801.17 0.0649189 -0.179069 0.213072 0.375913 -0.723676 0.258259 -0.208918 0.43046 0.730665 0.656339
136 5.00718 3.89925 -1757.56 -0.417624 0.146155 0.691266 -0.994755 0.374588 -0.62927 0.107849 -0.192919 -0.774024 -0.198928
340 3.73915 1.4364 -1535.03 0.427898 -0.388001 -0.687436 -0.101055 0.798478 -0.135643 -0.687554 -0.449847 0.534066 -0.36603
456 5.09391 -6.20233 -884.908 0.199062 -0.585708 0.540179 -0.504498 -0.350252 0.643875 -0.537669 -0.699898 -0.801634 -0.915805
500 5.34283 -0.837435 -2116.07 0.966673 0.129106 -0.82433 -0.732683 -0.491237 -0.289081 0.680472 -0.65187 -0.423445 -0.986696
668 6.03452 -1.27912 -1331.64 -0.566585 0.812114 -0.780023 -0.429643 -0.499277 -0.173557 0.15871 -0.497373 -0.879109 -0.548088
817 3.37803 -1.69067 -1146.59 -0.274231 0.523743 0.819922 0.592757 0.627347 -0.0786369 -0.628028 0.598301 0.61455 -0.91909
194 3.11486 -2.15001 -98.6502 0.875653 -0.843518 -0.162151 0.783018 -0.665791 -0.672686 -0.140573 0.820535 0.600879 0.0445793
217 4.33875 -1.84653 -1056.69 -0.380078 0.307574 -0.981295 0.219472 0.211274 -0.992276 0.662646 0.0984751 0.0529006 -0.754404
224 5.56555 -6.99413 -2717.26 0.935452 -0.559892 -0.752325 0.441175 0.377085 -0.415874 0.38997 0.463914 0.125731 -0.119687
357 5.8909 -1.8833 -598.836 0.367889 -0.232975 0.484243 0.430981 0.551726 -0.108414 0.324477 0.729628 0.439443 -0.23825
379 6.16986 1.42728 -1823.82 0.241703 -0.547877 0.127767 0.0463963 0.597894 -0.303241 0.0489119 -0.231877 0.168065 0.256177
518 4.69555 -0.335722 -265.743 -0.950739 -0.958014 0.271929 0.861333 0.39595 -0.565019 -0.727786 0.599732 -0.391106 0.123207
549 4.37164 -0.960936 -1054.49 0.758305 -0.410291 0.886595 0.913585 -0.145246 0.286242 0.0399528 0.480044 0.392593 0.750649
630 4.60059 -0.726841 -453.039 -0.0398604 -0.0157242 -0.345779 -0.342176 0.656443 -0.0332394 0.506484 -0.175418 0.596314 -0.699246
778 4.0621 -2.85431 -2600.95 -0.130899 -0.639431 -0.791487 0.728055 -0.534387 -0.883705 -0.385223 0.30321 -0.41933 -0.709572
809 5.47095 -0.172555 -2643.05 -0.25091 -0.909769 -0.957132 -0.276385 -0.538913 -0.19373 0.834641 0.788711 -0.242036 -0.217299
831 5.5929 3.704 -1587.33 -0.103442 0.446212 0.705412 0.109605 0.353958 -0.875836 -0.0531377 0.578163 -0.704308 -0.0842655
860 3.72844 1.31614 -1181.13 -0.779044 -0.881711 0.747622 0.545106 -0.847159 0.253389 -0.226343 -0.00634754 -0.863219 -0.499015
0 5.18528 0.546888 -1523.97 0.59688 0.823295 -0.604897 -0.329554 0.536459 -0.444451 0.10794 -0.0452059 0.257742 -0.270431
91 4.96082 2.23567 -1891.19 0.478933 -0.0463 -0.815013 -0.073116 0.882486 0.76145 0.280197 -0.46716 -0.570518 -0.443991
196 5.26829 -1.85612 -2772.99 0.543446 0.465136 -0.924684 -0.909092 0.42464 0.950968 -0.75261 -0.737511 0.733986 -0.418401
244 3.33911 0.323458 -241.928 0.0431653 -0.895202 0.513693 0.624011 -0.858383 0.717789 -0.366397 0.305536 0.155797 0.253145
390 5.85871 -7.14989 -1071.81 0.321336 0.0155724 0.254602 -0.56322 0.335345 0.86228 0.298069 0.159584 -0.579669 0.43009
512 3.87572 3.53612 -13.1005 -0.634193 0.0610135 0.746433 -0.34739 0.580688 -0.910602 -0.255151 0.208403 0.0479094 -0.447927
548 5.02449 -0.607809 -503.776 -0.830574 -0.395104 -0.442079 -0.497538 -0.905652 0.0589718 0.0461618 -0.560381 0.00842857 -0.793905
586 3.88701 -1.99773 -784.929 0.0187167 -0.954867 0.740344 0.218838 -0.310535 -0.1292 -0.717996 0.0859464 -0.0741768 0.739363
764 4.67973 3.08808 -243.47 -0.962546 -0.456655 0.255936 -0.730697 0.95151 -0.500328 0.166466 -0.989354 -0.671606 -0.564368
803 3.37802 -1.69068 -1146.6 -0.759037 0.987209 0.750335 -0.560071 -0.569532 0.217455 0.0943798 0.791583 -0.27677 0.679391
79 5.80127 3.52782 -2420.16 -0.227403 -0.719324 -0.146891 -0.79322 0.200811 0.935388 -0.781533 0.738179 -0.681351 0.605207
185 6.66298 -4.81069 -1681.02 0.0807773 -0.583649 -0.526938 0.331644 -0.266434 0.87263 -0.659558 0.891217 -0.216417 -0.144001
237 4.33855 -1.84638 -1056.6 -0.0441139 -0.956403 0.659507 -0.976064 0.204442 0.86307 -0.949382 0.181205 0.342271 0.153447
257 3.77747 -2.23741 -1903.2 0.949986 -0.201161 -0.141636 0.0748146 -0.861964 -0.114519 0.261546 -0.803885 -0.0338339 -0.755974
394 5.42212 -4.38557 -1055.22 -0.193058 -0.499895 0.98979 -0.303386 0.411373 0.92968 0.629019 -0.985652 0.203199 0.65019
401 6.49462 -3.43545 -2072.73 0.00207019 0.543219 0.280851 -0.486941 -0.577524 0.189369 0.647174 0.824618 -0.911852 -0.581235
442 5.34294 -0.837445 -2116.12 -0.192771 0.606247 -0.693634 -0.378346 0.571451 -0.571722 -0.311828 -0.331648 -0.65471 0.143678
579 4.48147 -2.18517 -1212.67 -0.836834 -0.105862 -0.811195 0.013309 0.998884 0.521594 0.0422509 0.531147 0.221418 0.268636
605 6.03378 -1.27889 -1331.42 0.921483 0.479119 -0.389221 0.336127 0.177424 -0.393901 -0.0736098 -0.111088 0.875143 0.118245
904 3.14296 -0.361876 -1019.98 -0.439323 -0.177775 -0.453454 0.571201 0.350108 0.109522 0.84981 -0.848933 -0.059393 -0.813364
50 4.82025 -4.13138 -1746.7 0.849079 -0.631868 -0.435432 -0.665669 -0.594046 0.25225 -0.647522 -0.746662 -0.544896 0.893849
87 4.82882 1.24843 -2244.58 0.713652 0.819024 -0.226661 0.912222 -0.651729 -0.624614 -0.505664 -0.279671 0.83479 0.25576
99 5.00725 3.89933 -1757.6 -0.507049 -0.610105 -0.744515 -0.797753 0.169996 -0.879082 -0.834846 -0.715421 0.538149 0.979083
207 6.57646 3.39379 -1431.47 -0.955659 -0.738041 0.999303 0.966078 -0.277763 -0.824436 -0.270611 0.533725 -0.593608 -0.772939
232 4.33878 -1.84657 -1056.72 -0.11467 -0.350817 0.404875 -0.315297 -0.899491 -0.0523909 0.82812 0.731313 -0.953354 -0.0413691
347 6.87534 -5.46638 -1870.08 0.400755 0.387145 -0.705289 0.580034 -0.111311 -0.781779 -0.93899 0.836682 0.549652 0.393835
418 5.45723 5.58715 -1667.01 -0.920895 -0.0143145 0.299817 -0.641617 0.896507 0.764454 0.970399 -0.759259 -0.629835 0.61629
632 4.60075 -0.726885 -453.062 -0.0882902 0.201696 -0.299839 -0.722891 -0.561019 0.660301 0.261384 0.0932024 -0.681875 -0.082173
692 6.34737 1.88396 -2008.05 0.634768 -0.792136 0.880014 0.109396 -0.345832 0.214612 0.0733832 0.821755 -0.3496 -0.993717
823 5.18578 1.1733 -190.805 0.0508676 -0.749369 0.0661669 0.733403 0.568444 -0.535874 0.0444659 0.93055 -0.468979 -0.029999
445 3.14259 -0.0807003 -730.319 -0.910837 -0.275366 -0.703537 -0.837445 -0.325497 0.783999 -0.315782 0.125994 -0.480445 0.572218
447 6.16965 1.42725 -1823.73 -0.364793 0.0422708 -0.943833 -0.783837 0.251046 -0.854671 -0.0592022 0.547509 -0.692115 0.615301
564 6.53882 6.45331 -1433.39 -0.631889 -0.14868 0.24385 -0.468834 -0.120378 0.500721 -0.465912 -0.957167 -0.767775 0.978964
582 4.02583 -2.35258 -1898.73 -0.0264319 -0.806796 -0.525327 0.974384 0.165895 0.0992548 -0.452846 0.214262 0.022279 0.736593
811 6.5114 -4.08067 -136.007 0.562232 0.625807 -0.00121057 -0.253467 0.337193 0.74788 -0.163236 0.380062 -0.528505 0.297851
16 3.82257 0.371136 -1877.89 -0.503912 0.258959 -0.541726 0.40124 -0.366266 -0.342446 -0.537144 -0.851678 0.266144 -0.552687
177 6.42325 -4.62621 -2708.72 -0.717587 -0.140497 -0.501465 0.421614 0.126526 0.118498 -0.0175725 -0.599664 0.530116 -0.298198
348 5.75415 -3.8963 -88.0765 0.85717 0.0853071 -0.75142 0.230527 0.343604 -0.290332 0.169706 -0.685386 -0.0704218 -0.999179
619 5.02442 -0.60778 -503.771 0.024256 0.927912 0.36761 -0.955498 -0.945418 -0.592501 -0.776592 0.316644 0.55347 -0.315855
712 6.67438 4.62219 -1763.04 -0.047856 -0.70974 0.492367 0.772676 -0.597489 -0.547969 -0.728103 -0.195626 0.799444 -0.15969
733 4.16446 2.53935 -920.842 -0.355961 -0.699221 0.578572 0.136807 0.153338 -0.73716 -0.491592 -0.506446 -0.590849 -0.133977
222 6.33463 -3.62648 -1542.16 -0.663549 0.948795 -0.913171 -0.458395 0.490343 -0.710418 -0.00764436 0.520445 0.393025 -0.477797
341 7.33776 -0.787398 -1027.16 -0.722288 0.11791 0.30695 -0.338545 0.284443 -0.383251 -0.817473 -0.673885 0.819384 -0.00643522
372 6.87494 -5.46589 -1869.92 -0.202965 0.887581 -0.019486 -0.533325 0.958634 0.614818 -0.650272 -0.993072 -0.402612 0.23255
737 6.46483 1.25325 -520.211 -0.355171 0.119763 0.030104 0.57974 -0.776874 0.113401 -0.858381 0.0912749 0.510062 -0.160752
742 6.67492 4.62281 -1763.27 -0.409192 -0.314678 0.636559 0.524035 -0.878934 0.0500507 0.29651 -0.839728 -0.328956 -0.815566
754 6.34728 1.88393 -2007.98 0.0396359 0.446079 -0.307351 -0.980977 0.211523 -0.496387 0.825841 0.690852 0.306763 -0.330148
785 4.67962 3.08797 -243.477 -0.0772994 -0.103743 -0.510799 0.544046 -0.869112 -0.531945 -0.872697 0.65881 -0.659437 0.975683
839 5.5927 3.70381 -1587.24 0.0018822 -0.219462 -0.828347 -0.864169 -0.211725 0.0753521 -0.0938888 0.27916 0.733188 0.114781
46 5.64669 2.84198 -2629.07 0.927009 -0.336308 -0.195242 0.121569 0.108896 0.244333 -0.617945 -0.0440782 -0.27979 0.30776
162 7.46475 -2.09086 -1532.51 -0.594425 0.268688 0.0260472 -0.746842 0.114005 -0.975397 0.601416 -0.740525 -0.641723 0.168242
164 6.75755 -0.544881 -2574.52 -0.137185 0.76147 -0.208024 0.893055 -0.933704 0.19755 0.161743 0.0923436 0.450708 -0.724252
188 7.0153 -4.15443 -117.577 -0.404089 0.267976 -0.358287 0.851637 0.447803 0.277714 -0.553119 -0.233973 -0.294103 -0.666489
421 5.42209 -4.38552 -1055.19 -0.813176 -0.81242 -0.182426 -0.737512 0.773984 -0.574423 0.289888 0.196021 -0.32873 -0.195941
562 4.69633 -0.33579 -265.817 -0.743129 -0.997078 0.163211 -0.268496 0.444876 0.12381 -0.798176 0.00589406 -0.0856862 0.490584
749 6.67452 4.62233 -1763.08 -0.633416 0.235294 0.650902 -0.701771 0.53871 0.0101142 0.731754 0.141226 -0.270936 -0.17257
762 7.15028 -4.68069 -948.11 0.243736 -0.102837 -0.940863 0.828722 0.269166 0.871412 0.0165757 0.866641 -0.859927 0.479918
47 5.64663 2.84192 -2629.01 0.730867 -0.780445 -0.252888 -0.601995 0.29304 0.185384 0.353108 0.192681 -0.882279 0.121744
289 4.62834 -1.49151 -1965.56 0.878587 -0.488343 0.344356 0.95008 -0.844064 0.895788 -0.712365 -0.433216 0.99932 -0.314474
354 5.75432 -3.89652 -88.0579 0.317241 -0.239273 0.875429 -0.703231 0.454418 0.43287 0.655315 -0.135236 0.697479 0.229562
365 6.87478 -5.46567 -1869.83 0.79077 -0.899119 -0.565364 -0.243821 0.552011 0.0227494 0.90537 -0.213645 0.569051 -0.309357
407 7.11581 5.12959 -1941.18 -0.708016 0.952959 -0.912045 0.661734 -0.800893 -0.0453834 0.704121 -0.939105 -0.362943 -0.465606
417 6.16958 1.42725 -1823.68 -0.802483 0.56043 0.0900091 -0.454776 0.249183 0.527064 -0.776395 0.379441 -0.700817 0.246688
608 7.02845 -7.0922 -2101.07 0.710472 0.986346 -0.0553367 0.718451 -0.100825 0.67382 0.389862 0.793649 0.140742 0.951503
637 7.66698 -6.73947 -2069.95 0.00497758 -0.661271 -0.604782 0.436686 0.350049 0.137498 -0.213778 -0.578669 0.704388 0.878166
698 4.60043 -0.726773 -453.008 0.346829 -0.458656 0.423486 0.41353 0.468733 0.543114 -0.889143 -0.39619 -0.120481 -0.96802
759 6.92779 3.52062 -2231.13 0.0753695 0.583986 -0.88177 -0.850672 0.0494187 0.459938 0.893137 0.292039 0.437887 -0.334686
94 4.82874 1.24842 -2244.5 -0.72231 0.4106 -0.53487 0.194227 -0.98424 0.638203 -0.053909 0.0454577 0.58184 -0.74639
212 4.34379 2.06729 -821.9 -0.385007 -0.088598 0.0258124 -0.978766 -0.212103 0.734254 0.654536 0.351319 -0.960711 0.843623
221 7.52836 1.86934 -713.46 -0.583975 -0.260415 0.180669 0.616976 0.767792 -0.6503 -0.328575 -0.529094 -0.726076 0.794848
305 4.62573 2.53655 -2426.75 0.108455 0.294866 -0.212445 -0.733791 -0.428108 0.93637 -0.544096 -0.00955236 -0.995265 0.36325
329 5.89061 -1.88311 -598.779 0.193624 -0.287057 0.528776 0.853413 -0.995455 -0.807009 0.876798 -0.248125 -0.940567 0.191326
368 7.1296 5.93786 -2233.27 0.54629 0.0389086 -0.146582 0.367977 0.188586 -0.719302 0.134319 -0.609116 -0.460609 -0.806567
427 7.41125 -0.564837 -1906.3 0.722535 0.901922 0.258614 -0.405867 -0.0975846 0.818708 0.221926 -0.723734 -0.657121 0.658118
451 6.13585 3.09617 -2217.37 0.506233 0.0653706 0.437192 0.125722 0.141862 -0.573596 0.741908 -0.0392234 -0.0825361 -0.329612
531 7.59652 -1.82097 -1724.24 -0.333312 -0.137823 -0.527695 0.408514 0.376845 0.927217 -0.973938 -0.55278 -0.386331 0.686613
537 4.60042 -0.726767 -453.003 -0.38319 0.617982 -0.170558 -0.435409 0.270175 0.185587 0.0491117 -0.518634 -0.54019 0.283194
592 5.68839 3.23735 -2059.71 0.830188 0.973962 0.663063 0.302205 -0.842053 -0.831726 0.363252 0.834075 0.640631 -0.669849
612 5.59266 3.70375 -1587.21 -0.687846 0.491746 0.186826 0.327141 0.389794 0.991906 -0.890935 0.123171 0.665086 0.546839
624 5.68001 2.67338 -442.043 -0.00639963 0.660534 -0.733744 -0.661257 0.72882 -0.171122 -0.631969 0.176289 0.743861 -0.60895
215 7.53462 1.8721 -714.553 0.989019 -0.556826 0.887201 0.0451766 -0.417049 0.390079 0.847789 -0.166499 -0.653929 -0.229998
317 6.62635 3.41117 -250.687 0.560374 -0.0674934 -0.608337 -0.138194 0.668519 -0.451483 0.501359 0.724185 0.656654 -0.863779
386 6.55226 1.32444 -2440.64 -0.0480225 -0.243244 0.302182 0.432484 0.988756 -0.113412 -0.456119 -0.656867 0.0728633 0.0542915
604 7.59677 -1.82108 -1724.34 0.318233 -0.911661 -0.902517 0.509487 -0.652275 -0.812441 0.23456 0.0717087 0.0110886 -0.591692
621 6.34752 1.88407 -2008.12 0.824422 -0.0906923 -0.947024 -0.230851 0.234043 0.0772321 -0.30294 -0.398348 0.121735 -0.248358
675 4.07088 2.02592 -1847.97 -0.0972679 0.828181 0.731951 0.196139 -0.145513 -0.738751 -0.126487 0.814004 -0.00273544 -0.562518
740 5.00175 2.98203 -1005.11 0.413492 0.772475 -0.960793 0.620993 -0.112076 0.291664 0.679273 -0.457586 0.701523 -0.918115
753 4.52569 1.39649 -977.684 0.584269 0.492711 0.216855 -0.947888 -0.740223 0.886141 0.118079 -0.157403 0.736354 0.538963
112 4.96103 2.23596 -1891.43 0.00295949 -0.781826 -0.752061 -0.90727 -0.432166 -0.899473 -0.958272 -0.0410898 -0.219422 0.117047
191 6.3011 2.19893 -2637.15 -0.886262 -0.850989 -0.887078 0.743702 -0.0206882 -0.94269 -0.300574 0.0238575 -0.795043 0.60902
214 7.53023 1.87019 -713.775 -0.71555 -0.534099 -0.691213 -0.146918 0.189664 -0.0762202 0.764484 -0.784523 -0.0549859 -0.447619
279 6.62041 3.40482 -250.193 -0.465503 -0.356532 0.239241 0.217021 -0.123516 0.720435 0.371078 -0.836717 0.90324 0.409513
440 9.43091 -2.68066 -309.846 -0.878088 -0.933482 0.0969003 0.917011 -0.544494 0.419336 0.728103 -0.19381 0.399848 -0.55173
517 8.70118 -0.433465 -2032.41 -0.392342 -0.0411466 -0.824722 -0.50493 0.354429 0.129903 -0.0654435 -0.783899 0.693593 -0.470964
550 6.43278 3.73501 -669.84 0.251305 -0.0969144 -0.686248 0.530083 -0.365836 -0.516823 -0.865022 0.192085 -0.0143605 -0.770673
569 6.13647 3.0969 -2217.93 0.0139885 -0.709491 0.344344 0.231644 -0.212543 0.428689 0.428264 -0.548952 0.947083 -0.390259
628 6.14734 3.01343 -1356.76 -0.68746 -0.15134 0.168139 -0.370447 -0.20573 0.875944 0.60202 -0.388255 0.49264 0.831591
704 4.07088 2.02591 -1847.97 -0.381805 0.123618 0.381841 -0.17697 -0.510319 0.82752 0.555061 -0.942775 -0.503485 0.669169
180 9.45186 -0.955474 -2215.71 -0.149279 -0.52725 -0.69325 -0.701603 0.118669 -0.999189 -0.124666 -0.152447 -0.161619 -0.242068
190 4.34384 2.06742 -821.959 0.380134 0.690649 -0.0789292 0.792111 0.488414 0.516982 0.0600868 -0.869873 0.368619 -0.49211
213 6.30145 2.1992 -2637.52 0.502878 -0.197387 -0.74945 -0.0440083 -0.0777877 -0.902722 -0.417655 0.746825 0.39853 0.143279
239 7.53196 1.87091 -714.104 -0.433357 -0.898067 -0.796529 0.180707 0.604524 0.159357 0.224304 0.264031 0.183293 -0.571254
255 6.62728 3.4122 -250.794 -0.972883 -0.813268 -0.941921 -0.919315 -0.0175198 0.89152 0.181266 -0.31532 -0.139197 0.380191
324 6.98367 0.754862 -331.222 0.0841597 0.359045 -0.71088 -0.429574 0.614228 0.0257161 0.422177 0.0942372 0.284679 0.363596
627 6.34767 1.88418 -2008.24 0.0685669 0.908901 -0.62709 -0.539141 -0.795539 0.340603 -0.816152 0.0334333 0.288366 0.618877
739 8.74242 0.630732 -320.385 0.996431 0.160294 -0.432962 0.00158036 0.759925 0.211867 -0.878657 -0.209971 -0.208392 -0.655531
37 5.64698 2.84239 -2629.51 -0.997749 -0.988582 -0.389522 -0.476859 0.310736 0.71511 -0.637678 -0.317291 0.334681 0.758019
77 5.80125 3.52785 -2420.16 0.0822792 -0.988314 -0.462632 -0.616739 0.386741 -0.111805 -0.52728 0.306173 -0.56169 -0.301352
270 6.30168 2.19937 -2637.78 -0.493988 0.447039 0.0731277 -0.709756 -0.000453234 0.169136 0.467936 -0.206432 -0.913555 -0.836435
320 6.62631 3.41117 -250.707 -0.11852 0.658588 0.986127 -0.0218225 0.586611 0.160737 -0.0157173 -0.000238776 0.189437 0.294118
393 4.34943 6.33192 -2606.84 0.558383 0.0892488 -0.280181 0.293521 0.953542 -0.13568 -0.667779 0.138626 0.761403 0.0176166
438 3.3927 4.23863 -1971.38 -0.677564 0.811091 -0.649315 0.980512 -0.279833 0.695432 0.848172 0.918068 0.369954 0.993716
450 3.07655 5.29361 -2308.33 0.437861 0.226384 0.663394 -0.570037 0.967678 0.514457 -0.00571609 -0.841966 0.862367 0.694664
458 6.1359 3.09626 -2217.42 -0.789868 0.198694 -0.779928 0.349745 0.55264 0.419134 0.764037 0.0928183 0.914636 -0.586214
464 4.54167 4.86374 -1931.95 -0.0271644 -0.938594 0.0233461 0.0937692 -0.480435 0.147365 0.414446 0.454165 -0.62307 0.198851
505 9.20135 1.68321 -657.766 -0.645631 -0.234013 0.220104 0.247822 -0.799595 -0.480147 -0.845421 0.909552 -0.478063 -0.0129028
556 4.16448 2.53945 -920.904 0.988399 0.996381 -0.299242 0.544166 0.93998 -0.216248 0.466553 -0.652842 0.91528 0.235605
585 6.92809 3.52097 -2231.36 -0.946435 0.62818 -0.120741 0.771118 0.268833 0.396329 -0.560216 -0.68318 0.259331 -0.886926
678 5.18579 1.17338 -190.814 -0.797586 -0.908234 -0.373983 -0.405675 0.0238745 -0.960727 -0.913834 -0.135361 0.266446 -0.333111
20 2.23726 4.0951 -383.081 -0.485469 0.0648819 -0.824713 -0.479006 0.754768 0.37225 -0.81252 -0.777449 -0.276798 0.153381
39 7.00966 2.51908 -1234.72 -0.533762 0.853152 0.102886 0.86684 -0.0111862 0.105137 0.878258 0.599291 0.628277 0.188995
103 4.35875 4.32327 -2178.49 0.432399 0.0947199 0.480901 -0.106248 -0.250051 0.116395 0.681608 -0.865075 0.407141 -0.558643
229 3.32088 3.08144 -745.331 0.968528 0.0750718 0.272564 -0.717869 0.975184 0.156013 0.476047 -0.371207 0.157548 0.0707208
275 6.3015 2.19925 -2637.58 0.901747 -0.0544072 0.466355 -0.782355 -0.0168586 0.134778 -0.30289 0.424487 -0.571156 -0.142559
304 4.25394 4.16957 -418.282 0.510067 -0.563739 -0.407935 -0.382448 0.990447 -0.20944 0.699701 0.53523 -0.538621 -0.42421
477 6.79762 2.58298 -715.493 0.906963 -0.669358 0.0752866 -0.396006 0.186727 0.0878733 0.698024 -0.767612 -0.336127 -0.615916
520 6.13634 3.09675 -2217.85 -0.292163 -0.870239 0.363799 0.371776 0.863985 0.41306 0.413762 0.135915 0.274392 -0.190288
765 5.18576 1.17337 -190.814 -0.977869 -0.175112 0.562752 -0.557891 -0.397598 -0.297596 0.55069 -0.193119 0.434501 0.946034
780 2.96892 2.83451 -1394.49 -0.986888 -0.215834 -0.31828 0.13573 0.968484 0.550821 0.496299 -0.823003 0.278877 0.961912
7 8.07829 3.77806 -864.766 -0.12088 0.84794 -0.203127 0.629534 0.368437 0.821944 -0.0350187 -0.56835 0.900505 0.840256
21 0.85312 4.8853 -2441.9 0.551535 -0.423241 -0.340716 -0.620498 0.968726 -0.992843 0.654782 -0.337042 -0.623598 -0.127006
76 1.07052 6.13609 -616.231 0.423812 -0.189465 -0.613015 0.675972 -0.690579 0.347296 -0.352297 -0.305607 0.0650283 -0.0855207
189 2.11031 5.34053 -253.322 0.944388 -0.0442758 -0.955454 -0.852352 -0.0904063 0.854488 0.702408 -0.431292 -0.388881 0.169044
226 6.3015 2.19925 -2637.58 -0.0262535 0.472183 0.547006 0.619006 0.925916 0.482458 -0.940886 -0.826409 -0.0763676 0.436199
300 6.73378 2.62924 -752.216 -0.147008 -0.647242 -0.665643 -0.222325 -0.213665 0.79087 0.982304 -0.532886 -0.852502 0.031942
395 6.43316 3.73554 -669.952 -0.700252 0.116726 -0.935986 0.958906 0.900746 0.622397 0.0481548 -0.379435 -0.0840818 0.00169671
402 8.46757 3.52723 -1970.07 0.299441 -0.266976 -0.00990885 0.981139 0.469097 0.0484805 -0.101318 0.457996 0.989811 -0.327363
404 6.67514 4.62326 -1763.47 -0.0413483 -0.928209 0.190487 -0.413969 -0.161721 -0.510072 0.319055 0.82837 -0.528933 -0.211848
453 6.14797 3.01416 -1357.13 -0.392726 0.341782 -0.0774235 0.0674467 0.322636 -0.57119 -0.867183 -0.240172 0.554532 0.274679
454 6.92856 3.52142 -2231.72 -0.896303 0.966829 0.650354 -0.445509 0.621863 0.735537 0.789661 -0.593126 0.431804 0.356717
478 5.68858 3.23767 -2059.95 0.165984 -0.714991 0.503757 0.802579 -0.413575 -0.401238 0.23094 0.139862 -0.403314 0.838118
526 4.07089 2.02599 -1848.06 -0.250017 0.957943 -0.319496 -0.821494 -0.234222 0.422569 0.925639 -0.92369 -0.550291 0.875723
561 3.22905 3.07726 -2471.71 -0.901468 -0.321224 0.762173 -0.139413 -0.933921 -0.734849 -0.141754 -0.936109 -0.385877 0.688644
590 5.59309 3.70452 -1587.61 -0.494789 -0.938953 0.676128 0.472358 -0.0331016 -0.572397 -0.447422 0.555506 -0.189567 -0.874997
616 4.5257 1.39652 -977.712 0.825798 0.544241 0.520071 0.393325 -0.98472 -0.0257384 0.0265256 -0.627 0.251381 -0.0168152
383 6.62623 3.41106 -250.69 -0.683592 -0.328633 -0.998242 -0.677961 -0.73997 -0.133362 0.508531 0.524888 0.447511 -0.193618
669 4.54161 4.86346 -1931.81 0.483372 0.656269 -0.716335 -0.468197 0.183675 -0.65684 -0.0689257 0.944908 -0.237626 -0.320682
730 8.46724 3.52704 -1969.92 0.766776 0.396829 0.840847 0.82631 0.536854 -0.223963 -0.33946 -0.491219 -0.120748 0.987415
847 5.68865 3.23776 -2060.03 0.117484 0.480253 0.366144 0.95388 -0.761578 -0.733749 -0.345913 -0.859124 -0.818209 0.193215
874 0.629451 6.1132 -1787.14 -0.87658 0.255803 -0.697976 0.864108 0.262599 0.730135 0.711826 -0.667956 0.229621 -0.721258
877 2.03924 2.679 -201.6 -0.698683 0.876748 0.746952 -0.954643 -0.131184 -0.989386 0.860171 -0.614945 0.406594 0.438314
909 5.59296 3.70433 -1587.51 -0.308187 -0.691931 -0.222562 -0.426025 0.071906 0.035627 -0.357226 0.176206 -0.405154 -0.163971
951 1.38097 3.8791 -2275.28 0.17166 -0.836515 -0.121397 0.386527 0.220197 0.00337672 -0.998224 0.479 -0.172198 -0.665477
953 1.4581 5.86717 -2091.7 0.0364577 0.555652 0.767362 -0.606662 -0.121735 -0.0609784 -0.443177 0.756868 -0.674452 0.77702
968 1.27326 3.50619 -159.492 0.0707698 -0.385812 0.0864311 -0.069716 0.93266 -0.20925 -0.724557 -0.0435116 -0.647863 -0.970503
96 1.07068 6.13579 -616.195 0.453692 -0.388025 0.291288 -0.691717 -0.819741 0.568978 0.718883 -0.354611 -0.236795 0.734643
193 -0.0644827 5.00216 -2499.81 0.991824 -0.773453 0.990597 0.807324 0.500465 -0.895665 0.956335 0.613386 0.848036 -0.0643535
534 6.4332 3.73561 -669.967 0.282838 0.387939 -0.257415 -0.963266 -0.129583 -0.107027 0.411077 -0.326804 -0.263838 0.129798
813 -0.222375 5.71711 -1051.77 0.640506 0.926489 -0.324421 -0.817356 0.262349 -0.76219 0.808451 -0.738862 -0.0156565 0.145644
865 5.59287 3.70421 -1587.42 0.874235 -0.349473 -0.938437 -0.310667 -0.301642 -0.184956 -0.994585 0.597865 -0.76278 -0.0403678
297 2.29068 3.77782 -2524.29 0.542774 -0.0962413 0.818657 -0.279616 0.133807 0.503108 0.760041 0.819276 -0.137606 -0.119566
344 8.15701 5.57189 -1541.17 -0.467904 -0.247613 0.108737 -0.685334 0.862874 0.784842 -0.350078 -0.368495 0.676061 -0.0805489
426 4.34949 6.3331 -2607.39 0.947503 0.133863 0.86847 0.311761 0.836989 -0.239422 0.480078 0.35569 -0.869921 0.0566326
663 0.361029 7.15247 -18.7589 0.941584 -0.536698 0.905238 -0.124844 -0.23937 0.197449 0.344587 -0.82061 -0.39905 -0.548589
897 6.39068 3.64861 -910.872 0.236569 0.858017 0.978294 0.576099 0.139594 -0.83104 -0.119346 -0.209869 -0.884639 0.261229
947 0.462092 7.17397 -2301.19 -0.33514 -0.939474 0.823421 -0.569482 -0.531915 0.907633 0.627697 -0.748802 -0.860526 0.724962
436 7.13032 5.93925 -2233.81 0.344748 0.867661 0.197901 0.674522 -0.854457 0.391434 -0.487835 -0.459693 0.900568 -0.322562
173 7.61478 5.17038 -178.029 -0.555551 0.505941 -0.775258 0.857206 0.211701 0.138847 0.568044 -0.823599 0.181035 -0.308075
557 6.53928 6.45458 -1433.73 0.755728 0.199961 0.50926 -0.314099 -0.709067 -0.204749 -0.964807 0.602088 -0.17431 -0.00431347
948 1.45831 5.86679 -2091.51 -0.898265 0.175223 -0.912845 0.382518 -0.150465 0.296577 0.279144 0.431888 0.50429 -0.193395
160 4.63787 5.52859 -2371.96 -0.00144476 0.348258 0.14547 -0.666326 0.566827 -0.366232 0.765857 -0.111242 0.311625 -0.349588
377 -0.519652 6.41293 -659.386 0.568992 -0.997484 0.170229 -0.528694 -0.792735 0.792076 -0.393831 -0.986474 0.0327893 0.709821
430 1.90272 6.18013 -1198.4 -0.018653 0.522761 -0.786063 -0.801091 0.24213 -0.268059 0.268841 -0.165368 -0.123296 0.986404
674 4.67971 3.08828 -243.522 0.854488 -0.774124 0.420991 0.731395 -0.417257 -0.484526 -0.71238 0.153539 -0.124107 0.247022
826 -0.462838 6.79674 -2540.83 0.520775 -0.210085 0.222426 0.539881 0.942201 -0.437068 -0.0124431 -0.74071 0.769863 0.624211
869 5.59296 3.70434 -1587.51 0.426482 0.762388 -0.766821 -0.549322 0.0158664 -0.768497 0.556423 -0.89786 0.826175 -0.892971
267 4.28389 7.10073 -2582.27 -0.172969 -0.931947 0.599833 0.0400231 -0.112678 -0.119083 0.868957 0.994903 -0.471001 -0.800306
391 9.2373 6.72818 -256.821 -0.855499 0.0387003 0.185084 -0.102917 -0.314605 -0.421262 -0.296043 0.320042 0.0895774 -0.965256
337 6.41996 5.49474 -161.518 -0.150985 -0.239448 0.305884 -0.431382 -0.410502 0.541223 -0.244189 0.381588 0.769753 0.396885
192 7.61479 5.17039 -178.015 0.489464 0.0764093 0.486326 0.273566 -0.814848 -0.13354 -0.0357851 0.106223 -0.34143 -0.547372
792 6.42597 8.15551 -159.753 -0.0182236 0.113555 0.471903 0.490836 -0.97706 0.727198 0.638644 -0.0326483 -0.51138 0.084008
822 4.06774 6.69828 -1294.65 0.74008 -0.224017 0.870749 -0.312672 0.283843 -0.832931 0.715486 0.00146544 -0.302383 0.20907
924 1.45822 5.8669 -2091.58 -0.452965 -0.515122 0.268808 -0.40809 -0.0404977 -0.108878 -0.980781 -0.0421047 0.805151 -0.197431
966 0.461704 7.17453 -2301.42 0.704319 0.345159 0.0238279 0.561387 0.754055 -0.0416735 -0.728297 -0.0311136 0.726056 -0.582109
1 4.72917 6.81333 -2401.91 0.271423 0.434594 -0.716795 0.213938 -0.967399 -0.514226 -0.725537 0.608353 -0.686642 -0.198111
366 8.15711 5.572 -1541.22 0.42728 0.766342 0.202298 -0.741307 0.0591142 -0.694207 -0.957833 -0.276013 -0.315526 0.956222
439 4.34945 6.33301 -2607.35 0.21007 -0.440443 -0.771311 0.248677 0.368363 0.701957 -0.356199 0.255983 0.100825 -0.172142
640 4.54168 4.86403 -1932.09 0.021228 0.748425 0.899615 0.417868 0.161471 -0.369325 0.544621 -0.254505 -0.171559 -0.225329
853 9.50395 6.77547 -1628.64 -0.416059 0.864155 -0.617977 0.0149214 0.121378 -0.710813 -0.332326 -0.405625 -0.789046 -0.729104
133 6.03263 7.90729 -1328.77 -0.481526 -0.7116 -0.820782 0.375091 -0.902523 -0.759515 -0.565401 -0.457064 -0.0649414 0.356136
205 6.97478 5.91392 -68.0111 -0.82374 -0.236689 -0.188512 -0.769172 0.497672 0.153202 0.190203 -0.671276 0.381834 0.115238
435 2.92945 9.01624 -1315.41 -0.774835 0.314731 -0.046711 -0.359641 0.538494 0.994349 0.0419562 -0.863106 0.19074 -0.984009
907 -1.1047 8.78565 -899.291 -0.741811 -0.931201 -0.8957 0.559219 -0.806746 -0.86264 -0.317569 0.670032 -0.244683 -0.643557
932 1.21237 7.65803 -2381 -0.110629 0.0354502 0.789648 -0.0388271 -0.146257 0.705765 -0.0442774 -0.935875 -0.249372 0.531873
22 4.91262 5.67387 -2783.84 0.398151 -0.757714 0.371572 -0.232336 0.548547 0.886103 0.832546 0.723834 -0.592904 0.587314
83 4.6289 7.07666 -2272.33 0.641851 0.936789 0.0175978 -0.990547 -0.623504 -0.425621 0.255036 -0.476228 0.497357 -0.927008
241 4.28389 7.10118 -2582.52 0.257679 0.170461 0.609192 0.0663304 0.657976 -0.824166 0.168264 0.861447 0.356542 -0.227212
264 2.78768 7.97508 -1619.22 0.958104 -0.143936 -0.353787 -0.113578 0.220091 0.707998 -0.773275 0.904615 -0.851084 -0.82487
461 4.43392 7.88781 -2064.58 -0.405248 -0.595234 0.994957 -0.0282801 0.118654 -0.0699838 0.432882 0.868181 0.853103 -0.614887
964 0.461674 7.17456 -2301.44 0.934499 -0.289684 0.214832 -0.23227 -0.853812 -0.989784 0.501704 -0.972296 -0.769179 0.691912
145 4.13776 6.46063 -88.8825 0.566061 0.464277 -0.917448 0.596949 0.344034 0.777599 0.515141 -0.230922 0.660221 0.522057
392 4.7988 7.99535 -380.362 0.93989 -0.0675948 -0.397025 0.273519 -0.978829 0.92431 -0.710909 0.275772 -0.63891 0.624436
711 9.41954 7.88395 -1681.16 0.111423 0.221559 -0.955967 0.916003 0.943512 0.981186 -0.963091 0.962317 -0.997917 0.531366
714 -0.162785 8.38094 -1507.28 0.712437 0.428083 0.772187 0.488329 -0.538463 -0.275669 0.778589 0.953903 -0.502993 -0.8189
333 -1.27113 9.12613 -818.825 -0.795388 0.472763 0.148521 0.176801 -0.758839 0.7756 0.944412 -0.0344303 -0.0817431 -0.138737
349 0.0948939 8.22548 -411.772 0.635491 -0.262955 0.665369 -0.896815 -0.796279 0.066124 0.49033 -0.501568 -0.353841 -0.620982
408 0.698354 9.46131 -596.096 -0.387869 0.735636 -0.330823 -0.898037 0.166202 0.488817 -0.995179 0.467272 0.961482 -0.854677
515 6.39416 6.77487 -149.351 -0.0453756 -0.560514 -0.138328 -0.43631 0.59448 0.461981 -0.029654 0.205188 -0.628821 0.378047
542 6.53931 6.45464 -1433.76 -0.699816 0.202288 0.0652163 -0.421103 -0.0936326 0.0222374 -0.859195 -0.386759 0.515837 -0.179949
830 3.00754 9.01691 -666.8 0.847817 -0.354454 -0.921268 0.709636 0.820626 0.175159 -0.892965 0.98546 -0.9085 -0.0294335
311 2.78762 7.97523 -1619.28 -0.463615 0.470062 -0.0750427 0.217714 -0.168603 0.360674 0.196063 -0.136165 0.144309 -0.993336
779 1.52971 8.85692 -533.767 0.252393 -0.810886 -0.914333 -0.799374 0.599122 -0.532352 0.847985 -0.696094 0.00397849 0.445617
975 0.31091 9.74956 -1791.42 -0.796305 0.463621 0.727738 -0.0228438 0.708451 -0.126362 -0.844557 0.284826 -0.0158648 -0.304957
982 8.5031 8.2355 -2127.43 0.524176 -0.402777 0.983052 -0.120448 0.2964 0.489502 0.674281 -0.141431 0.970697 0.19319
984 8.66397 8.95162 -1381.93 -0.428851 -0.79993 -0.943686 -0.541451 0.495974 0.58049 0.0557716 0.479026 -0.539958 -0.647828
40 8.08707 8.76524 -2317.18 -0.350917 0.748619 0.178313 0.275542 0.518647 0.550843 0.58982 -0.474431 0.208758 -0.0588716
243 4.28389 7.10142 -2582.74 0.959332 0.574005 0.839737 0.803005 0.901597 0.0974165 -0.0265338 0.510789 -0.836253 -0.368558
901 7.67692 8.57113 -1726.04 -0.689133 0.431354 -0.921705 0.811348 0.789375 -0.388443 -0.702053 0.364163 -0.117969 -0.576232
361 8.19228 8.40089 -2401.02 0.832951 0.706334 -0.326239 -0.493665 0.69202 0.593586 0.257783 0.348116 -0.949126 -0.0479393
376 4.81472 9.71743 -764.863 -0.688626 -0.858453 0.63331 -0.333017 0.641624 0.2139 0.307004 -0.069502 0.565506 -0.26387
502 4.43395 7.88888 -2065.19 0.298478 0.273232 -0.0210093 0.448418 0.836605 -0.0543368 -0.422476 -0.987725 0.21298 0.0862877
914 6.75757 8.76207 -1668.98 0.256892 0.0570115 -0.0382076 0.387208 0.326019 0.443698 -0.646448 -0.0914069 0.202881 0.825958
718 5.81451 8.64422 -100.789 -0.435442 0.0465599 0.884214 0.511159 0.832645 0.828317 -0.506857 -0.670916 0.669136 0.472827
990 8.50272 8.23519 -2127.25 0.626775 0.684412 0.858377 0.728922 -0.125648 0.253674 0.554018 -0.745404 0.741505 -0.747587
992 8.66355 8.95121 -1381.8 0.417637 -0.692236 -0.207838 0.371439 0.942278 -0.581063 0.0558511 0.800654 -0.852141 0.930203
248 2.8734 9.47646 -1981.9 0.0464324 0.78026 0.565266 0.218137 0.0724853 0.172607 -0.978717 -0.948666 -0.888042 0.317319
995 8.66348 8.95114 -1381.78 -0.949754 0.805714 0.564985 0.752124 0.990513 -0.639182 0.706414 -0.494721 -0.907374 -0.383232
156 6.30272 2.21235 -2631.75 0.275465 0.551331 -0.69478 0.369597 -0.834865 0.96063 0.145526 -0.728911 -0.935632 -0.100276
176 8.15505 5.57282 -1540.53 -0.736 0.835434 -0.133772 -0.0382378 0.376799 -0.447313 -0.910408 0.256382 0.704783 0.116574
591 5.69218 3.24904 -2055.2 0.988993 -0.644176 0.621343 0.0971595 -0.440802 -0.269265 0.944689 0.218569 0.014178 -0.536388
578 6.14844 3.02228 -1355.53 -0.0117552 -0.22775 -0.28538 0.229583 -0.744161 0.503275 0.0797361 -0.946488 -0.0893854 0.163092
599 7.98877 6.09732 -1255.79 -0.415667 0.256981 0.6962 0.149527 0.053151 0.980456 -0.145336 -0.0911871 -0.117177 0.533821
622 2.06719 2.70388 -201.964 -0.437378 -0.970712 0.447469 -0.0850171 -0.976981 0.0142802 0.648431 0.90451 -0.222876 -0.669304
939 0.326541 9.74768 -1789.33 -0.426205 -0.741321 0.567446 0.887447 0.205347 -0.923181 -0.730775 0.682368 0.137528 0.783253
972 0.476496 7.1778 -2298.42 -0.703872 -0.52895 0.964815 -0.0106197 -0.990227 -0.556681 -0.75033 -0.302126 -0.698704 0.704034
806 -1.31888 8.64159 -200.192 0.8396 -0.0115108 -0.542699 0.0880128 -0.685314 -0.338185 0.367926 -0.372283 0.0861604 -0.0940711
963 0.476564 7.17777 -2298.34 -0.0250311 -0.80992 -0.385503 0.413624 -0.890219 0.26532 0.938122 -0.916241 -0.188038 0.485644
240 3.3429 0.33677 -243.273 -0.530628 -0.612642 0.611599 0.810904 0.798053 0.720474 -0.521382 -0.721557 -0.992283 0.651193
506 2.65117 -0.214134 -2011.91 0.0570979 0.298157 -0.0329808 -0.586699 -0.951868 -0.636283 -0.695073 -0.596589 0.738513 0.521662
971 2.64986 1.68779 -65.8672 0.683682 -0.00590533 0.276129 -0.692478 0.992478 -0.0830001 0.349253 0.969964 0.785632 -0.163421
979 1.28688 3.51811 -161.073 0.0400809 0.470501 -0.1505 0.457585 0.206553 0.357194 -0.551792 -0.154997 0.624475 -0.290177
495 1.51884 2.44812 -1236.1 0.230124 0.670537 -0.112265 0.448592 -0.477599 -0.655942 0.987854 -0.599509 -0.0770482 0.11251
68 2.65904 4.44624 -226.769 0.157625 0.343682 -0.941048 0.511891 0.199413 -0.721998 -0.712117 -0.608204 0.554821 0.688563
881 3.26414 0.341695 -1155.69 0.319909 0.615612 0.414649 0.612549 0.380785 -0.802948 0.206118 -0.782346 -0.422539 -0.567341
31 4.52834 -4.88099 -845.536 -0.391429 0.777447 -0.0468307 -0.66036 0.219458 0.0514942 0.237851 0.192392 -0.532688 0.659617
832 3.38075 -1.67487 -1146.69 0.669425 0.965574 -0.356171 0.665518 0.723327 -0.508353 -0.688937 0.802059 -0.798718 -0.868311
929 2.65054 1.68883 -65.8346 -0.855068 -0.290085 -0.258897 0.212723 0.231102 0.707033 0.083084 -0.194724 0.0889554 0.197064
181 3.11744 -2.13459 -100.305 0.795082 0.56119 -0.191728 -0.160681 -0.132625 0.814568 0.000130057 0.951868 0.616358 -0.296297
843 4.06331 -2.83814 -2599.09 -0.425756 -0.181035 -0.101826 0.457224 0.129919 -0.946841 0.368164 0.221809 0.972445 0.990132
854 3.23501 3.0872 -2468.89 0.630696 0.140317 0.396989 -0.766425 -0.113419 0.991225 -0.0418938 -0.124469 0.244966 0.945166
346 2.03152 1.18264 -2620.4 -0.538912 0.939179 -0.0289906 -0.78009 -0.168884 0.503105 -0.0277033 0.939853 0.817772 -0.16483
406 3.14657 -0.0665207 -730.939 -0.18036 0.902858 -0.698931 -0.527335 -0.859498 0.259721 -0.455544 0.330989 0.845752 0.382735
544 3.88053 3.54515 -14.4716 -0.117144 -0.295213 0.686816 -0.137568 -0.727208 0.987 -0.935279 0.338009 -0.434102 -0.0289121
285 3.03214 -0.48311 -2807.32 -0.529223 -0.165898 -0.52311 0.99705 0.954455 0.795794 0.301849 0.604161 -0.386456 0.416842
303 3.60858 -3.46159 -823.896 0.148815 -0.810304 -0.581444 -0.931634 -0.092654 0.538602 -0.43365 -0.0860901 -0.0283009 -0.388461
321 -0.503297 6.41838 -660.252 0.121663 -0.697701 -0.0107318 -0.948717 0.957559 0.0248443 0.294227 0.556386 0.789302 0.578873
405 -1.21619 5.78685 -1019.09 -0.133339 -0.957614 0.861787 0.68244 -0.169727 0.0519526 0.349148 0.320996 0.499283 0.749431
491 2.65143 -0.213339 -2011.62 -0.818872 0.828541 -0.317489 0.568303 -0.477678 -0.14722 0.545934 -0.295492 -0.263617 0.721796
499 3.88053 3.54513 -14.4658 0.87236 -0.425417 0.371344 -0.623066 0.15561 -0.0930542 -0.0853708 -0.210316 0.693174 0.295134
596 1.0717 3.17081 -58.8706 0.054528 -0.489826 0.452922 0.133857 -0.0457281 -0.424836 0.676797 0.0767392 0.583197 0.904953
752 -1.36751 4.98463 -1948.14 0.810964 0.806817 -0.52067 -0.19685 -0.155989 0.0863359 0.329478 -0.641484 -0.660876 -0.46709
805 -0.207227 5.72396 -1051.78 0.358625 0.773204 0.533827 -0.189146 -0.85142 0.77479 -0.201936 0.898915 -0.785281 0.228532
937 2.65074 1.68922 -65.8069 -0.490627 -0.618222 -0.522979 0.0607089 0.514029 -0.241998 0.143917 -0.239433 -0.278874 0.510661
63 3.19667 0.604083 -1059.51 0.200984 -0.740048 -0.83747 -0.244006 -0.726088 0.319755 -0.771082 0.761366 0.164899 -0.578274
175 2.85722 0.465857 -864.824 -0.380037 0.560814 0.27381 -0.588382 0.719375 0.71826 0.91756 0.944117 0.575466 0.129261
208 -2.29964 5.65141 -2649.13 -0.931239 -0.288167 -0.892933 -0.112806 -0.270413 0.814619 0.933737 -0.626856 0.735955 -0.82676
387 -1.84484 5.01621 -1215.46 0.697444 -0.710744 0.545737 0.955667 -0.757362 -0.184818 0.0458717 -0.953967 0.629629 0.681943
617 2.23454 0.509317 -1488.46 0.0398898 -0.821094 0.262062 0.145971 -0.539264 -0.937461 -0.201109 0.309587 -0.812372 -0.618913
661 1.07261 3.17123 -58.8538 0.292211 -0.530569 0.41876 0.403501 0.106824 0.133905 -0.912969 -0.746562 0.226235 0.414595
109 1.81853 0.931422 -1835.12 -0.476233 0.886163 -0.826808 -0.415585 0.49846 -0.0518749 0.721174 0.609281 0.0167388 0.270492
138 0.945282 1.95096 -1277.05 -0.390143 -0.723836 -0.429271 -0.600124 -0.489847 0.153106 0.546031 -0.798581 0.158351 -0.0793812
184 3.11754 -2.13388 -100.239 -0.245246 0.495884 -0.38984 0.0324059 -0.598306 -0.282545 0.0978761 -0.371891 -0.404303 0.351501
282 -0.0439862 1.6242 -784.049 -0.572019 0.326099 -0.915139 0.45962 -0.759598 -0.157117 -0.397203 0.794272 0.704207 0.282002
425 2.56594 -0.896104 -2069.1 -0.439906 -0.372207 0.37385 -0.475829 -0.563808 -0.651901 -0.125317 -0.938749 0.893639 0.85237
644 2.23444 0.509052 -1488.58 -0.507558 -0.116429 -0.559142 9.65595e-05 -0.172068 -0.776583 0.837145 -0.910866 0.876236 0.424918
794 -0.207493 5.72406 -1051.85 -0.41409 0.438827 -0.325616 -0.642949 0.0342573 0.656161 0.470606 -0.49384 0.146997 0.493546
797 -0.90665 3.79873 -542.822 -0.721768 -0.669218 0.72027 0.0638728 -0.20832 -0.557752 -0.0664786 0.539931 -0.103922 -0.309206
856 3.26423 0.342124 -1155.55 0.0172131 0.648521 0.409823 -0.612297 -0.543306 0.0405188 0.52802 0.853683 0.274094 -0.5854
880 3.14682 -0.347261 -1020.17 -0.609299 -0.517972 -0.271535 0.65277 0.55341 -0.236703 -0.331228 0.593814 0.807924 0.644273
883 2.65074 1.68922 -65.7966 -0.228695 -0.253224 -0.72205 0.963305 0.265201 0.597859 0.578917 -0.32015 0.210408 -0.0402983
5 1.65971 3.22662 -2023.55 0.0250708 0.335448 0.0632129 -0.921439 -0.124725 0.86367 0.86162 0.441905 -0.431413 0.477069
23 2.23485 2.92809 -106.23 0.819286 0.747958 -0.00371218 0.152399 -0.674487 -0.452178 0.729158 -0.0152023 -0.0726757 0.697884
48 -0.707077 6.72142 -2212.48 -0.312317 -0.981853 0.847385 0.202853 0.541372 0.774394 0.866545 -0.653871 -0.104037 -0.0245586
78 1.91726 1.80966 -1155.7 -0.899067 -0.81136 0.61871 0.758025 0.973287 0.0425216 -0.43144 -0.639727 -0.281507 -0.122019
123 2.44679 1.3224 -1165.95 0.158988 -0.817372 -0.236476 0.356703 0.852729 0.688964 0.244428 -0.225978 0.367666 -0.607144
200 2.0316 1.18288 -2620.26 -0.451329 -0.732726 0.657442 0.338354 0.232325 0.559229 -0.0807291 0.892786 0.990505 -0.0951923
251 -1.23707 3.79134 -2125.66 0.0184095 -0.546839 0.171693 -0.825482 -0.419792 -0.108934 -0.483608 0.234773 -0.109934 0.34957
364 0.459658 2.57427 -2377.75 0.103495 0.783474 0.664873 -0.621319 0.914055 -0.508061 -0.570094 -0.885257 0.098447 -0.0132022
382 0.72671 2.53248 -1034.35 -0.709558 0.858046 0.959212 -0.935325 0.127749 0.552201 0.548729 -0.21869 0.247623 -0.168018
475 0.359581 0.222364 -2464.28 -0.987413 0.0940299 0.0456605 0.576 -0.31394 -0.353489 -0.0984317 -0.0231833 -0.712915 -0.280432
508 0.375528 5.30163 -133.792 0.629978 0.602644 -0.204304 -0.123482 -0.763565 0.852794 -0.825324 0.203454 -0.733906 -0.777192
560 1.21149 -1.64693 -1374.94 0.960599 0.47032 0.561018 0.790504 0.288759 0.434683 -0.732657 0.0516961 -0.461534 0.37053
568 1.07042 3.17034 -58.9051 -0.966459 -0.636573 0.978231 -0.647857 0.393729 0.538728 -0.966727 -0.821981 -0.738099 0.140824
695 1.39088 3.88873 -2273.04 0.730801 -0.219155 0.356396 -0.432916 0.456782 -0.0325886 0.921129 0.039767 0.524536 0.812387
776 2.65075 1.68926 -65.7898 0.907782 -0.113279 -0.162403 -0.535625 0.675651 -0.854089 0.385558 -0.426602 0.803272 -0.777114
92 1.08262 6.14132 -616.947 0.173073 0.751864 0.0296977 0.943636 0.307519 0.289024 0.969959 0.597412 -0.220667 0.0310637
111 1.9172 1.80955 -1155.74 0.0644367 0.987055 -0.881673 -0.93987 -0.135097 -0.357907 0.946293 0.0380956 0.226508 0.444753
146 -0.480952 1.43715 -2068.87 0.996284 -0.522253 -0.683368 0.131917 -0.660504 -0.148211 0.942095 -0.504629 0.0863297 -0.7352
186 -0.958398 1.40257 -280.061 -0.363999 -0.404756 0.318223 0.428182 0.88663 -0.927022 -0.0759333 -0.50321 0.105384 0.325761
216 -0.170092 1.21249 -1479.31 -0.670692 -0.928305 0.853177 -0.802067 -0.557659 -0.862373 -0.336166 -0.248872 -0.00929081 0.853498
245 -1.8447 5.01622 -1215.39 -0.616979 -0.39542 0.435901 -0.694166 -0.49356 0.395233 0.879839 -0.653823 0.198238 0.781436
262 1.74601 3.04114 -2156.57 0.0617849 0.340304 -0.315476 -0.559083 0.948404 0.971187 -0.935924 -0.355861 0.405282 -0.384058
352 0.726393 2.53228 -1034.49 0.557441 0.358546 0.410345 -0.735391 0.574247 0.676651 -0.634387 0.555139 -0.134072 0.830405
472 0.782956 -0.662336 -1982.96 -0.886284 -0.0678324 0.644189 -0.224845 0.912111 0.0764376 0.709094 -0.695819 -0.0367732 -0.603001
529 0.516776 -1.17914 -1944.85 0.454913 -0.382451 0.0703752 -0.313549 0.66055 -0.124931 -0.859773 0.795865 -0.171901 -0.379553
541 1.33904 0.172945 -2366.82 0.363751 -0.810184 0.846111 -0.298946 -0.642631 0.692483 0.774198 -0.594429 -0.972962 0.256381
610 0.58017 1.97568 -1359.72 -0.194921 -0.218076 0.733377 0.67318 0.437774 0.443849 0.659527 -0.617563 0.1623 -0.441298
691 1.39079 3.88872 -2273.15 0.577675 0.98504 0.223746 -0.241459 -0.91154 0.0926845 0.297577 -0.406828 -0.930789 0.0247947
166 -0.48048 1.4375 -2068.6 -0.621197 0.341204 -0.595347 -0.48131 -0.677013 0.267468 -0.71984 0.114963 0.160523 -0.653544
233 -0.593703 -0.715047 -1795.32 -0.15632 -0.47994 0.154418 0.286783 0.326922 -0.187553 -0.928859 0.178678 -0.890651 0.370347
309 0.110338 8.22723 -413.069 -0.564283 0.97835 -0.967562 0.783635 -0.189399 0.164919 0.707343 0.575858 -0.217644 0.417289
514 0.376819 5.30106 -133.748 0.415944 -0.793552 -0.875854 -0.454529 -0.929115 -0.510046 0.606485 0.817317 0.142564 0.187172
607 -0.912564 3.79833 -543.633 0.857771 0.365062 -0.315899 0.110394 -0.381549 -0.394416 -0.410487 0.22923 0.941711 0.766937
726 -0.537199 -0.787002 -2796.7 0.962113 0.510301 0.538267 -0.692595 0.265316 0.622516 -0.779403 -0.892818 -0.886755 -0.855216
350 0.110426 8.2271 -413.085 -0.733695 -0.898996 0.980892 0.189278 0.464792 0.838062 -0.725415 0.713372 0.0685886 0.618189
503 0.0882253 6.14677 -1934.29 0.29975 -0.0932432 0.709146 -0.997917 -0.167481 0.171158 -0.275397 0.646693 0.976389 -0.948383
720 -0.498551 10.1795 -2136.98 0.356614 -0.573021 0.445456 0.346258 -0.773101 -0.989985 -0.607182 -0.888886 0.521174 -0.774538
725 -1.36963 4.98516 -1949 -0.767085 -0.762353 -0.734667 -0.921648 0.273257 0.394304 -0.850749 -0.751703 -0.462407 -0.225304
858 -0.885725 3.21823 -153.1 0.505766 0.228551 -0.159189 -0.116608 0.727327 0.858024 -0.468087 0.13715 -0.754273 -0.0113927
876 -0.446778 6.80178 -2537.82 0.43138 -0.660551 0.898652 -0.217473 0.0395367 -0.977929 -0.961671 0.341561 0.88618 0.300928
888 1.39072 3.88871 -2273.25 -0.673224 0.738515 0.465692 0.524957 0.393131 -0.896395 0.682839 0.924648 0.158043 0.0180768
894 1.46928 5.87281 -2089.51 -0.247127 -0.567394 -0.00685626 0.735985 -0.63099 -0.692812 0.841444 -0.346896 -0.980197 -0.879196
944 0.327156 9.74791 -1789.74 0.541749 -0.497136 -0.277354 -0.555318 0.689805 -0.0480154 0.130868 0.317116 0.462769 -0.639126
958 1.28256 3.51649 -161.248 -0.460583 -0.887011 -0.803478 -0.215128 0.0572398 -0.342544 -0.192652 -0.238265 0.445713 -0.914156
88 1.08235 6.14161 -617.048 -0.242402 0.00367069 0.388182 -0.964005 0.300131 0.23894 0.387384 0.0402366 0.790707 -0.51717
331 -1.25194 9.12669 -819.618 -0.372921 -0.232389 -0.275591 0.142657 -0.0831489 0.918033 0.855599 -0.554373 0.771446 0.860145
539 0.678247 3.06212 -1082.71 0.846372 0.0731449 -0.951799 -0.665444 0.482183 -0.334989 0.952538 -0.688376 0.229602 0.222713
750 -0.498565 10.1795 -2137.01 -0.392994 -0.473673 0.514505 0.252788 0.203432 0.547629 -0.653064 0.753707 0.678124 -0.193348
916 -1.93029 -1.68571 -1231.89 -0.354016 0.235827 0.240315 -0.389806 -0.68944 -0.502793 0.667206 0.272352 0.884415 -0.00677508
962 1.2252 7.66053 -2378.21 -0.204616 -0.266026 0.881517 -0.779395 -0.809792 -0.0563513 -0.4894 -0.502774 -0.0686135 -0.138268
967 0.475685 7.17852 -2299.01 0.209924 -0.0803279 0.416948 0.951345 0.10881 0.319688 0.554498 -0.358391 -0.745459 -0.432962
555 0.678371 3.0622 -1082.64 0.285991 0.349291 0.311155 -0.969561 -0.0395061 -0.483023 0.00421429 -0.177247 0.7546 -0.353065
577 -0.826518 2.92216 -974.858 0.332789 -0.971058 0.532263 0.699824 -0.773615 -0.450667 0.779397 0.704055 -0.455899 0.571954
767 -0.146564 8.38253 -1506.4 -0.0507417 0.0629897 -0.140034 -0.705772 0.365263 -0.117902 0.119116 -0.0719858 0.324207 0.721518
820 -0.912374 3.79836 -543.677 -0.703679 0.0281582 0.717622 -0.469453 0.493584 -0.27851 -0.353201 -0.418663 0.327913 -0.0937847
80 -2.62124 2.37509 -101.374 0.0646838 0.490017 0.940084 0.917507 -0.822943 -0.958983 -0.893853 0.795766 0.799042 -0.920566
631 0.375014 5.30192 -133.866 -0.806835 0.0299248 -0.664679 -0.036965 0.357343 -0.0920386 -0.261044 0.00946772 -0.00154781 -0.302784
689 -2.8189 -0.0626689 -108.197 0.868939 -0.460964 -0.495288 -0.0234739 0.727218 0.140046 -0.762902 -0.280592 0.901549 0.901555
769 -3.12924 -0.521296 -1390.97 -0.917059 0.713679 -0.601605 -0.289701 -0.308414 0.347654 0.773289 0.551553 0.641881 0.138551
322 -3.00514 -0.266941 -656.392 -0.263404 -0.14825 0.480009 -0.741038 0.941419 -0.638511 0.91755 0.927547 0.339667 0.504161
863 -0.885429 3.21837 -153.095 -0.246518 0.316082 -0.100492 0.422176 -0.0457827 0.996911 0.0794767 -0.229979 -0.131938 0.579069
101 1.08228 6.14173 -617.101 0.635494 -0.212144 0.384975 -0.709254 -0.240251 0.877927 -0.319359 0.0152342 -0.919826 0.850637
209 0.383994 6.53597 -1369.28 -0.235087 0.168843 -0.333567 0.358574 -0.872818 -0.289226 0.620533 -0.873514 -0.323148 -0.65723
307 -3.00486 -0.266692 -656.356 0.132482 0.923708 -0.234744 0.617437 0.709946 0.873712 -0.0876971 -0.5025 -0.86008 0.484195
494 0.0878762 6.1471 -1934.53 0.396331 -0.104749 -0.3101 -0.992008 0.0754272 -0.817457 0.520626 0.349663 -0.231249 -0.966879
559 -0.0410741 3.60957 -941.604 -0.497022 0.997659 0.997812 -0.651028 -0.169602 0.75354 0.548933 -0.660342 -0.560559 0.839866
848 0.64232 6.11905 -1785.85 -0.448504 -0.219278 -0.879021 0.853582 0.866955 0.583886 0.1458 0.268771 0.719061 0.221772
